time,Top_PT,Top_ECRL,Top_UI_UB5,Top_PQ,Top_FCU,Top_FDS4,Top_PL,Top_LU_RB5,Top_FCR,Top_ECU,pos_flex,pos_dev,pos_pro
0.0,4.0783976443980666e-23,-7.87204791992104e-10,0.0,5.248802834132477e-14,1.2688514765955377,5.248600439822653e-08,0.22308425617944275,0.0,2.093295351184869e-11,-1.9809338181785788e-18,0.0,0.0,0.0
0.01,2.9204693760842636e-23,-1.3913931187038567e-09,0.0,8.871437773161868e-14,1.2700139178084646,1.02681120911583e-07,0.23622178319355736,0.0,2.3136734729337242e-11,-2.4615320839998337e-18,0.0,0.0055104379930924,0.0
0.02,1.1277322641385542e-23,-2.003177927496454e-09,0.0,1.2480679211054463e-13,1.2710505014518128,1.5494097675430113e-07,0.24997666323921053,0.0,2.3363111095899575e-11,-2.7977744915381887e-18,0.0,0.0110195026695125,0.0
0.03,-1.2710682936147832e-23,-2.55667945683338e-09,0.0,1.5672394154313117e-13,1.2716820121177272,2.040177643859237e-07,0.26489897704838355,0.0,2.105654965962424e-11,-2.9136122929681475e-18,0.0,0.0165258210548468,0.0
0.04,-4.172194268335831e-23,-2.974817261626155e-09,0.0,1.7980392360827008e-13,1.271656203438444,2.436094191245196e-07,0.2813130141966627,0.0,1.579370061914746e-11,-2.7370663386881192e-18,0.0,0.0220280208591157,0.0
0.05,-7.388316125669697e-23,-3.1748629363276446e-09,0.0,1.8911532309060712e-13,1.2707603018861053,2.667764590356678e-07,0.2992367459111252,0.0,7.365851210426693e-12,-2.2093094459506476e-18,0.0,0.0275247308187759,0.0
0.06,-1.064688738707514e-22,-3.0761092609195383e-09,0.0,1.7993237774468552e-13,1.2688288781953847,2.665413972652857e-07,0.3183397862030902,0.0,-4.140331658921699e-12,-1.2947248750379298e-18,0.0,0.0330145810384688,0.0
0.07,-1.3597543568595218e-22,-2.6093720692193834e-09,0.0,1.483147849159346e-13,1.2657468151690974,2.3665315460550584e-07,0.33794801434677596,0.0,-1.8273192693816363e-11,8.913907609893555e-21,0.0,0.0384962033324266,0.0
0.08,-1.5830124722776977e-22,-1.727761581654421e-09,0.0,9.175584313881688e-14,1.2614476385486917,1.7247586914320036e-07,0.357098781670996,0.0,-3.4168327500401484e-11,1.6612397541785904e-18,0.0,0.0439682315654531,0.0
0.09,-1.6904170390960383e-22,-4.17867931525453e-10,0.0,9.84529547738334e-15,1.2559079312302257,7.193679884808353e-08,0.3746450321050947,0.0,-5.053383235847885e-11,3.5723482441660475e-18,0.0,0.0494293019933934,0.0
0.1,-1.6389689838540164e-22,1.28976977835533e-09,0.0,-9.5122779521157e-14,1.249138884870636,-6.35560638647031e-08,0.38939963585690324,0.0,-6.567905641910987e-11,5.599490992176119e-18,0.0,0.0548780536030072,0.0
0.11,-1.3917705842977381e-22,3.3122652919595136e-09,0.0,-2.1767926707353527e-13,1.2411762409591804,-2.283366589002245e-07,0.4003027393207693,0.0,-7.75953331074806e-11,7.548748477658198e-18,0.0,0.060313128451162,0.0
0.12,-9.237582481070146e-23,5.509545687605698e-09,0.0,-3.489355670490337e-13,1.2320699345246513,-4.1196773016906066e-07,0.40658556277378677,0.0,-8.4093670769654e-11,9.182832350495827e-18,0.0,0.0657331720032609,0.0
0.13,-2.2765923437458412e-23,7.684562342729044e-09,0.0,-4.766532174276856e-13,1.2218746863559613,-5.991197352165205e-07,0.40789718798249275,0.0,-8.299939506539898e-11,1.0235795155294375e-17,0.0,0.0711368334708214,0.0
0.14,6.804288999815965e-23,9.589883651319934e-09,0.0,-5.857040874717397e-13,1.210642608332386,-7.699603924840189e-07,0.40436366175208677,0.0,-7.239741109215693e-11,1.0434867257746371e-17,0.0,0.0765227661481197,0.0
0.15,1.7565567288472524e-22,1.094164938800122e-08,0.0,-6.589747926073904e-13,1.1984186107697166,-9.011485895251771e-07,0.3965658188858551,0.0,-5.0914435224543395e-11,9.528908481894331e-18,0.0,0.0818896277478181,0.0
0.16,2.9263312672284345e-22,1.1441312196662995e-08,0.0,-6.787340645301913e-13,1.1852390563111805,-9.674844218078295e-07,0.3854465660185928,0.0,-1.8016781095126962e-11,7.322090167921062e-18,0.0,0.0872360807354914,0.0
0.17,4.085008805347142e-22,1.0804841319330437e-08,0.0,-6.284354503356891e-13,1.171133720987458,-9.442081775388422e-07,0.37217550581490216,0.0,2.570518692888568e-11,3.710471394320286e-18,0.0,0.0925607926629685,0.0
0.18,5.100982033658564e-22,8.798148115182774e-09,0.0,-4.948719851464608e-13,1.1561307270229202,-8.098671139937027e-07,0.35800170604162235,0.0,7.83010876092455e-11,-1.2818148446344202e-18,0.0,0.0978624365004061,0.0
0.19,5.82318478997389e-22,5.276469479286521e-09,0.0,-2.705380553084112e-13,1.140263729293877,-5.495840692061177e-07,0.34411878665052886,0.0,1.3631224567310436e-10,-7.470887341800745e-18,0.0,0.1031396909670125,0.0
0.2,6.092643218282314e-22,2.2439863768990945e-10,0.0,4.400816487101309e-14,1.1235802966939423,-1.5847282844612204e-07,0.33155754785532837,0.0,1.947510855537772e-10,-1.4490680814192255e-17,0.0,0.1083912408603388,0.0
0.21,5.758003182912157e-22,-6.20770705882323e-09,0.0,4.380438044385906e-13,1.1061501651242085,3.5513954766076933e-07,0.32111349767769626,0.0,2.472447289670774e-10,-2.1784717231158984e-17,0.0,0.1136157773840545,0.0
0.22,4.694376715882695e-22,-1.3675954960717026e-08,0.0,8.89145288304639e-13,1.0880718874047823,9.670929394713572e-07,0.31331048616683443,0.0,2.8637089941624323e-10,-2.8616808653317077e-17,0.0,0.118811998474127,0.0
0.23,2.824305524859243e-22,-2.1629182197346103e-08,0.0,1.3625392678364919e-12,1.0694764035890492,1.6358293859814425e-06,0.30839720015573435,0.0,3.0420042586553964e-10,-3.410458142761758e-17,0.0,0.1239786091233236,0.0
0.24,1.3908215675445107e-23,-2.9314546751702224e-08,0.0,1.811650445797673e-12,1.0505262372823394,2.3023400026012426e-06,0.30637040468765614,0.0,2.9304153581251136e-10,-3.727822144596928e-17,0.0,0.1291143217039541,0.0
0.25,-3.2818422205394605e-22,-3.580700767442458e-08,0.0,2.180106521019367e-12,1.031409421342053,2.8920349771256444e-06,0.3070173461766334,0.0,2.463574361802513e-10,-3.716468393145248e-17,0.0,0.1342178562887749,0.0
0.26,-7.256031204650351e-22,-4.006582950039072e-08,0.0,2.4053685186974224e-12,1.0123278969403733,3.3188448756226384e-06,0.30996941668769123,0.0,1.5980179786601837e-10,-3.2894849572761345e-17,0.0,0.1392879409699733,0.0
0.27,-1.1490692504429244e-21,-4.101908675751964e-08,0.0,2.4240194657831813e-12,0.993481031730513,3.491696458148713e-06,0.3147597500595443,0.0,3.228881492908911e-11,-2.382788598112014e-17,0.0,0.1443233121761542,0.0
0.28,-1.5585581420221299e-21,-3.767429778738339e-08,0.0,2.178569111558075e-12,0.9750460714970887,3.3232810083404722e-06,0.32087860703430204,0.0,-1.3301168035293416e-10,-9.683623470223625e-18,0.0,0.1493227149872479,0.0
0.29,-1.9048611972259102e-21,-2.9249914546309387e-08,0.0,1.6254259209570868e-12,0.95715869263576,2.740756683302472e-06,0.32782194942136705,0.0,-3.2788462175229425e-10,9.329600864576471e-18,0.0,0.1542849034472631,0.0
0.3,-2.132585119376537e-21,-1.5318665253909848e-08,0.0,7.434644318191795e-13,0.9398978912132341,1.6977155255007394e-06,0.335130259259141,0.0,-5.386284164658369e-10,3.240703893970067e-17,0.0,0.1592086408748047,0.0
0.31,-2.1846424782214856e-21,4.0499840110416516e-09,0.0,-4.57603431170796e-13,0.9232792203115453,1.8642583894840453e-07,0.34241620324082017,0.0,-7.461043715312507e-10,5.807689484651781e-17,0.0,0.1640927001712813,0.0
0.32,-2.008134859369522e-21,2.816430048705087e-08,0.0,-1.93003500995212e-12,0.9072582071491688,-1.7509352981606012e-06,0.34938101339882827,0.0,-9.264029783796136e-10,8.41847934151636e-17,0.0,0.1689358641267233,0.0
0.33,-1.5613490139982226e-21,5.562016617687714e-08,0.0,-3.5831560692707415e-12,0.8917425866063778,-4.013577240274935e-06,0.355820409265532,0.0,-1.0522185484729723e-09,1.0794985939329308e-16,0.0,0.1737369257231377,0.0
0.34,-8.213878717427687e-22,8.426587222936494e-08,0.0,-5.281911442335309e-12,0.8766097493103729,-6.437563077819725e-06,0.36162157131047473,0.0,-1.0949695965485917e-09,1.2610538980575719e-16,0.0,0.1784946884353219,0.0
0.35,2.0824045105109133e-22,1.1124046397715422e-07,0.0,-6.8499538623606505e-12,0.8617254710447765,-8.797071321357847e-06,0.3667531294973706,0.0,-1.027629609632868e-09,1.3513119326722e-16,0.0,0.1832079665290631,0.0
0.36,1.4909294094680633e-21,1.3310110833399435e-07,0.0,-8.078145355712928e-12,0.8469609172537074,-1.0812866133987683e-05,0.3712503516937847,0.0,-8.281444912639854e-10,1.3157639100686604e-16,0.0,0.1878755853566478,0.0
0.37,2.9521598782581876e-21,1.460492224200206e-07,0.0,-8.738979231571124e-12,0.8322061104904465,-1.2168969344902153e-05,0.3751977069869333,0.0,-4.832146574960798e-10,1.1246110846160064e-16,0.0,0.192496381649609,0.0
0.38,4.477603564550199e-21,1.4625675056064338e-07,0.0,-8.606909698474027e-12,0.8173790563498932,-1.2537883370698895e-05,0.3787107768723588,0.0,7.880274228785045e-12,7.573362450459996e-17,0.0,0.1970692038086372,0.0
0.39,5.9151371168713934e-21,1.3028323089490973e-07,0.0,-7.483916823580278e-12,0.8024304756857777,-1.1613858536669016e-05,0.381919151851512,0.0,6.298273769683007e-10,2.07471032943618e-17,0.0,0.2015929121905823,0.0
0.4,7.08159230478793e-21,9.556170349522321e-08,0.0,-5.228873020794349e-12,0.7873446047122327,-9.152669377754538e-06,0.3849515424140377,0.0,1.3486797465533202e-09,-5.1291763037511104e-17,0.0,0.2060663793924776,0.0
0.41,7.774763259116116e-21,4.091798228485363e-08,0.0,-1.788470633185017e-12,0.7721368270418517,-5.015230054285233e-06,0.3879239048333751,0.0,2.1106269071049347e-09,-1.369595413804032e-16,0.0,0.2104884905325114,0.0
0.42,7.790747895126129e-21,-3.292540707800356e-08,0.0,2.7733040843001736e-12,0.7568490276199606,7.887633256290776e-07,0.39093097649030734,0.0,2.842640558068589e-09,-2.304015113720347e-16,0.0,0.2148581435278795,0.0
0.43,6.946129152738109e-21,-1.2292068115058994e-07,0.0,8.250812539019335e-12,0.7415435473851465,8.062001228517368e-06,0.39404126341591594,0.0,3.45542700024274e-09,-3.2332948080494003e-16,0.0,0.2191742493694471,0.0
0.44,5.10383179035302e-21,-2.2340944203475175e-07,0.0,1.4281597235404952e-11,0.7262965104117336,1.639114137769373e-05,0.39729524309544556,0.0,3.848977200176335e-09,-4.05289167270805e-16,0.0,0.2234357323931527,0.0
0.45,2.2007701350646257e-21,-3.2605059685993186e-07,0.0,2.034455632937457e-11,0.711191131989488,2.5134749455561406e-05,0.40070634575449576,0.0,3.920795119518698e-09,-4.642397687176651e-16,0.0,0.227641530548086,0.0
0.46,-1.7253021391235196e-21,-4.200267627758575e-07,0.0,2.5775240454609497e-11,0.6963114323470762,3.3433326885326495e-05,0.40426415539004046,0.0,3.576609234518912e-09,-4.874651206323666e-16,0.0,0.2317905956611737,0.0
0.47,-6.512934977940086e-21,-4.925809418899209e-07,0.0,2.9801166362773426e-11,0.6817366063413324,4.024623693596398e-05,0.40793921864683635,0.0,2.7430441740177228e-09,-4.628042294979281e-16,0.0,0.2358818936984056,0.0
0.48,-1.1861726113962882e-20,-5.299124758241875e-07,0.0,3.159859615625615e-11,0.6675361568583003,4.44186448097626e-05,0.4116888516684667,0.0,1.3813714972917997e-09,-3.80150241376649e-16,0.0,0.2399144050225383,0.0
0.49,-1.732839894201426e-20,-5.184291853919769e-07,0.0,3.037023649801583e-11,0.6537658032161375,4.477909109548169e-05,0.41546337663113786,0.0,-4.988974737398632e-10,-2.3312344009970975e-16,0.0,0.2438871246472093,0.0
0.5,-2.2337689572627053e-20,-4.463122289130499e-07,0.0,2.5440843408107957e-11,0.6404641315549207,4.026508335605789e-05,0.4192122853663786,0.0,-2.828128144051156e-09,-2.0779227113965153e-17,0.0,0.2477990624874013,0.0
0.51,-2.6210806719977265e-20,-3.05303837116906e-07,0.0,1.6364921922718803e-11,0.6276499602063299,3.0070278713563163e-05,0.4228899038908474,0.0,-5.46816619982963e-09,2.5082914546025807e-16,0.0,0.2516492436061922,0.0
0.52,-2.8213018528998937e-20,-9.257924146593149e-08,0.0,3.0378085645439798e-12,0.6153204405570637,1.3802709426576401e-05,0.4264602086928203,0.0,-8.20929569986081e-09,5.674455353131149e-16,0.0,0.2554367084577291,0.0
0.53,-2.7620213926022423e-20,1.874824331693812e-07,0.0,-1.4201287819999397e-11,0.603449988516521,-8.360551769519704e-06,0.4299005171943057,0.0,-1.0774325655977521e-08,9.059932861807833e-16,0.0,0.259160513126368,0.0
0.54,-2.3802138735278614e-20,5.218520082833876e-07,0.0,-3.44878829610117e-11,0.5919902249659056,-3.5540411574326434e-05,0.4332038389687003,0.0,-1.2831263513712412e-08,1.2347711486737678e-15,0.0,0.2628197295619173,0.0
0.55,-1.6317538785328527e-20,8.879764730046056e-07,0.0,-5.6387292699046425e-11,0.5808711750621242,-6.606504059542223e-05,0.43637973281793635,0.0,-1.4015471859797692e-08,1.5146592135921201e-15,0.0,0.2664134458109268,0.0
0.56,-5.013841506905262e-21,1.2537281201044577e-06,0.0,-7.790095916566514e-11,0.5700040156394222,-9.744282970278374e-05,0.43945357231297144,0.0,-1.3961392324216314e-08,1.7014718977717339e-15,0.0,0.2699407662439662,0.0
0.57,9.878472779064746e-21,1.5784029748311197e-06,0.0,-9.65370723436242e-11,0.5592856491331376,-0.00012641909918156385,0.442464185102799,0.0,-1.2342881063839366e-08,1.7495044407306813e-15,0.0,0.2734008117788342,0.0
0.58,2.766871091584663e-20,1.814939128933868e-06,0.0,-1.094548929843857e-10,0.5486053078702171,-0.00014913273016731909,0.44545990558742565,0.0,-8.919987873511967e-09,1.616199334176652e-15,0.0,0.276792720099645,0.0
0.59,4.715920084939726e-20,1.9134359278592046e-06,0.0,-1.1368652387009473e-10,0.5378532471911839,-0.0001613821322500621,0.4484931714513483,0.0,-3.5887141172343624e-09,1.2677150410332553e-15,0.0,0.2801156458717347,0.0
0.6,6.664226378089617e-20,1.8259322574762076e-06,0.0,-1.0643228352539464e-10,0.5269313709249055,-0.00015900034848202407,0.4516139042726751,0.0,3.5709753916042042e-09,6.850208141041919e-16,0.0,0.2833687609523367,0.0
0.61,8.395299262544498e-20,1.5122511979440945e-06,0.0,-8.541663390673549e-11,0.515765359004103,-0.0001383269301612515,0.45486204113638745,0.0,1.2254684951898543e-08,-1.300178864068412e-16,0.0,0.2865512545969724,0.0
0.62,9.65869465635375e-20,9.465482325907304e-07,0.0,-4.928139117825682e-11,0.5043175553838769,-9.675015402143537e-05,0.45825972120866126,0.0,2.1907181131683455e-08,-1.1492414716702404e-15,0.0,0.2896623336615057,0.0
0.63,1.0188710833219295e-19,1.2402477687088125e-07,0.0,2.017432285791131e-12,0.4925995556547417,-3.3278257570171194e-05,0.461803766732187,0.0,3.1716749570379144e-08,-2.314269458252444e-15,0.0,0.2927012227998108,0.0
0.64,9.72979275964749e-20,-9.328939319667849e-07,0.0,6.685223613509031e-11,0.48068314711483745,5.091593637760578e-05,0.46545921520913813,0.0,4.0636511365109484e-08,-3.5348753976461002e-15,0.0,0.2956671646570052,0.0
0.65,8.067624232359897e-20,-2.169746098975952e-06,0.0,1.4165614819869223e-10,0.468708044952437,0.00015204460040320398,0.46915473818482867,0.0,4.743756400210861e-08,-4.6904612953640355e-15,0.0,0.2985594200581979,0.0
0.66,5.063981763716487e-20,-3.497486252751992e-06,0.0,2.2079882799120123e-10,0.4568847843768112,0.00026342395313686527,0.47278079954027663,0.0,5.0796583722452715e-08,-5.6352992166752e-15,0.0,0.3013772681927078,0.0
0.67,6.92489924552302e-21,-4.793094221714272e-06,0.0,2.966580330540427e-10,0.44549121542273606,0.0003754394157979273,0.4761913404823126,0.0,4.941740776649644e-08,-6.2079686585266074e-15,0.0,0.3041200067937045,0.0
0.68,-4.928449440875103e-20,-5.9041191628564754e-06,0.0,3.599315128955603e-10,0.43486134199181037,0.00047582674061713505,0.4792096108779384,0.0,4.218221349216944e-08,-6.245067432051789e-15,0.0,0.3067869523132278,0.0
0.69,-1.1509967824965778e-19,-6.657709690502533e-06,0.0,4.0021906895323585e-10,0.4253657721960513,0.0005503226335247483,0.4816384854745355,0.0,2.8323450002390207e-08,-5.5988202291730644e-15,0.0,0.3093774400925428,0.0
0.7,-1.8579074350285722e-19,-6.874330935448669e-06,0.0,4.068826300794649e-10,0.41738380488154686,0.000583711722231738,0.4832752075279357,0.0,7.603001739228254e-09,-4.157675536460343e-15,0.0,0.3118908245277861,0.0
0.71,-2.54817775464373e-19,-6.385902913183322e-06,0.0,3.701634346011643e-10,0.41126814185142796,0.0005612599121806176,0.4839300037591228,0.0,-1.9519365987235143e-08,-1.8684058950801552e-15,0.0,0.314326479230864,0.0
0.72,-3.1407138290907344e-19,-5.057532499073522e-06,0.0,2.825012588473612e-10,0.40730432930866123,0.0004704785934474694,0.4834474420690909,0.0,-5.174985445932386e-08,1.242338712204926e-15,0.0,0.3166837971855618,0.0
0.73,-3.543519806532683e-19,-2.811390347187958e-06,0.0,1.3996343298128665e-10,0.40566820305055784,0.0003031125184546851,0.4817288037505056,0.0,-8.688054898349713e-08,5.0495637876381844e-15,0.0,0.3189621908988246,0.0
0.74,-3.6609865870506914e-19,3.4934260975708405e-07,0.0,-5.634554986941824e-11,0.40638571256991024,5.719056955278464e-05,0.47875317993907884,0.0,-1.2178933638937703e-07,9.31742752909758e-15,0.0,0.3211610925471737,0.0
0.75,-3.403536694118401e-19,4.319098845095365e-06,0.0,-2.9905552462161524e-10,0.4093003701969928,-0.0002610714976659448,0.47459455928148003,0.0,-1.525412902731464e-07,1.3695690130925282e-14,0.0,0.3232799541182186,0.0
0.76,-2.6991866003712317e-19,8.87418061373724e-06,0.0,-5.736682051957935e-10,0.41405402861365576,-0.000635767419240426,0.469431944879763,0.0,-1.74607485508822e-07,1.7727910586542053e-14,0.0,0.3253182475472347,0.0
0.77,-1.5062572356094046e-19,1.3665907673449076e-05,0.0,-8.582547290393799e-10,0.42008653531498635,-0.0010404700534293455,0.4635496256157482,0.0,-1.8320844850442055e-07,2.0873632070597926e-14,0.0,0.3272754648487674,0.0
0.78,1.7387040343214026e-20,1.822580200957447e-05,0.0,-1.1238969801181723e-09,0.42665884809030813,-0.0014383472628593111,0.4573252321032298,0.0,-1.7377754622882156e-07,2.254584516137147e-14,0.0,0.3291511182432325,0.0
0.79,2.2853585096302745e-19,2.1985462699634507e-05,0.0,-1.3360232014620596e-09,0.4329022410742457,-0.0017834652402721083,0.4512042240272217,0.0,-1.4252504214204987e-07,2.2163667912572773e-14,0.0,0.3309447402784818,0.0
0.8,4.7095042897825945e-19,2.4312864886245982e-05,0.0,-1.4567295004469737e-09,0.437893142202604,-0.0020234533636898817,0.4456610582461858,0.0,-8.706720229645295e-08,1.9218476123410655e-14,0.0,0.3326558839463013,0.0
0.81,7.261055418694361e-19,2.4565458613745348e-05,0.0,-1.4480939718108034e-09,0.4407488300833327,-0.00210360021629768,0.44114952250848455,0.0,-7.068059804569832e-09,1.3349750109140781e-14,0.0,0.3342841227938155,0.0
0.82,9.690925188474643e-19,2.2158679042449277e-05,0.0,-1.276381771659922e-09,0.44073366131391606,-0.0019723101750688554,0.43804759860585424,0.0,9.517401251643145e-08,4.424824101291341e-15,0.0,0.3358290510297679,0.0
0.83,1.169672252852547e-18,1.6646396232513278e-05,0.0,-9.169132964787341e-10,0.4373591301683198,-0.0015876799077352477,0.43660551770168743,0.0,2.1427484392285925e-07,-7.385268305966165e-15,0.0,0.3372902836256534,0.0
0.84,1.2942024097024856e-18,7.807575979414513e-06,0.0,-3.592328910496035e-10,0.43045625507040747,-0.0009247650645482717,0.4369081598248143,0.0,3.415344825313433e-07,-2.1543319818408824e-14,0.0,0.3386674564116746,0.0
0.85,1.308459384664362e-18,-4.268802894694232e-06,0.0,3.8791510830200233e-10,0.42020059380726693,1.7084743612068298e-05,0.43886201104002553,0.0,4.6501362522384177e-07,-3.7107368359631185e-14,0.0,0.3399602261675013,0.0
0.86,1.1812817257575013e-18,-1.911046949170327e-05,0.0,1.292407089952154e-09,0.40708187305437854,0.001207619498581709,0.442210836169556,0.0,5.699901653342526e-07,-5.272670124577657e-14,0.0,0.3411682707078079,0.0
0.87,8.888508916819678e-19,-3.581147676891825e-05,0.0,2.2960353222621017e-09,0.39182690832073463,0.0025807413391803393,0.4465755751536193,0.0,6.398471338393626e-07,-6.668216506043927e-14,0.0,0.3422912889625686,0.0
0.88,4.1930506849267257e-19,-5.3016446911147434e-05,0.0,3.3139733172194975e-09,0.37529613246870347,0.004032213252472602,0.4515079372911003,0.0,6.574091723125963e-07,-7.697819039613048e-14,0.0,0.3433290010520907,0.0
0.89,-2.227368217191187e-19,-6.89504837751837e-05,0.0,4.237052872838993e-09,0.3583757748922666,0.005420995411106688,0.45654627282081256,0.0,6.066994790957909e-07,-8.149018686548645e-14,0.0,0.344281148356766,0.0
0.9,-1.012267242896416e-18,-8.150368097599992e-05,0.0,4.93735418821604e-09,0.34188279983417336,0.006575041167617004,0.4612648561702726,0.0,4.7503496507287067e-07,-7.816579734054406e-14,0.0,0.3451474935815249,0.0
0.91,-1.901197396962573e-18,-8.837548823230966e-05,0.0,5.277377133412111e-09,0.32649317507259684,0.007302116516428644,0.4653111011054246,0.0,2.553177433769786e-07,-6.52721158801655e-14,0.0,0.3459278208149747,0.0
0.92,-2.817504692951711e-18,-8.727896513512505e-05,0.0,5.122736101963748e-09,0.31269827756163293,0.007405805562419206,0.46842821370620835,0.0,-5.167877414779999e-08,-4.167375331004998e-14,0.0,0.3466219355832094,0.0
0.93,-3.666808554063762e-18,-7.619831111004851e-05,0.0,4.357914260129775e-09,0.30078968848342763,0.006706339501534011,0.4704631476330085,0.0,-4.352844116783931e-07,-7.119155270434297e-15,0.0,0.347229664898277,0.0
0.94,-4.336850980289709e-18,-5.368537284431501e-05,0.0,2.9041488584834963e-09,0.29086927698567794,0.0050652634737217055,0.471361462488516,0.0,-8.734621620168284e-07,3.74943993366435e-14,0.0,0.3477508573012912,0.0
0.95,-4.705163602504659e-18,-1.9172668449560242e-05,0.0,7.380336829918428e-10,0.28287924565701916,0.002412277920908051,0.4711518385778023,0.0,-1.3322056917175887e-06,8.991225692264597e-14,0.0,0.3481853829001785,0.0
0.96,-4.649924785502714e-18,2.6727389980206646e-05,0.0,-2.09103414889442e-09,0.27664558909332426,-0.0012280798592836407,0.4699236335413121,0.0,-1.7661040145625792e-06,1.4640859960253394e-13,0.0,0.3485331334020501,0.0
0.97,-4.063657147947998e-18,8.197399294112011e-05,0.0,-5.446809888397436e-09,0.2719280465815384,-0.00571283527498654,0.46780105765147834,0.0,-2.1203237166047696e-06,2.0180545516519688e-13,0.0,0.3487940221401905,0.0
0.98,-2.869006755708065e-18,0.00014294133724848928,0.0,-9.098031137494785e-09,0.26846994435102345,-0.010763392930785425,0.46491738151210443,0.0,-2.334168906614687e-06,2.496580172254799e-13,0.0,0.3489679840956566,0.0
0.99,-1.0354106290607373e-18,0.00020439596792126572,0.0,-1.2718604774519996e-08,0.2660421567355279,-0.015958254776444553,0.4613921582924639,0.0,-2.3462468775462475e-06,2.826303118011026e-13,0.0,0.349054975913482,0.0
1.0,1.4049595083190363e-18,0.0002596464915567716,0.0,-1.589837166502842e-08,0.2644766161025766,-0.020738919633759727,0.457313821832495,0.0,-2.101096712401756e-06,2.93070562494291e-13,0.0,0.349054975913482,0.0
1.01,4.343941370657529e-18,0.0003008952643167652,0.0,-1.8166091404519806e-08,0.26368623479539355,-0.024431612660626885,0.4527292814079041,0.0,-1.556937363568155e-06,2.737759454364272e-13,0.0,0.3489679840956566,0.0
1.02,7.58900671879108e-18,0.0003198071714123952,0.0,-1.90253732329308e-08,0.2636696561434079,-0.026286392628674,0.4476413319830586,0.0,-6.939753253771111e-07,2.1891263486988453e-13,0.0,0.3487940221401905,0.0
1.03,1.0862005325318307e-17,0.00030829056353762836,0.0,-1.8003036813189085e-08,0.26450083286083975,-0.025533613351326943,0.44201388355316956,0.0,4.775002826470629e-07,1.2503065417892536e-13,0.0,0.3485331334020501,0.0
1.04,1.3807077368860206e-17,0.0002594605320352455,0.0,-1.470786817321763e-08,0.2663049614847452,-0.021455726228493333,0.4357842251512882,0.0,1.9101909293543465e-06,-7.913701675326527e-15,0.0,0.3481853829001785,0.0
1.05,1.6009315120959266e-17,0.00016872645472300386,0.0,-8.89603632004986e-09,0.2692237103501008,-0.01347012104198164,0.42888081453420024,0.0,3.5151125446001205e-06,-1.7563934579704813e-13,0.0,0.3477508573012912,0.0
1.06,1.7024985491916693e-17,3.4916361272255075e-05,0.0,-5.376948921065852e-10,0.2733738960002509,-0.0012162995935668594,0.42124445926735504,0.0,5.160292882893534e-06,-3.68855620522436e-13,0.0,0.347229664898277,0.0
1.07,1.6423059258941836e-17,-0.0001386768913019319,0.0,1.0122307077481262e-08,0.2788047131917044,0.015361579813824786,0.4128502675309064,0.0,6.673891884551739e-06,-5.72949977706194e-13,0.0,0.3466219355832094,0.0
1.08,1.3836469408973606e-17,-0.0003434648271974652,0.0,2.2517925220353626e-08,0.2854592211636137,0.03594753643227094,0.4037274411118893,0.0,7.852585037166165e-06,-7.681826955142997e-13,0.0,0.3459278208149747,0.0
1.09,9.02001779660159e-18,-0.0005650980450374815,0.0,3.573860469862243e-08,0.2931459370151975,0.05981367338983157,0.3939739079910708,0.0,8.475690789206591e-06,-9.305030182403473e-13,0.0,0.3451474935815249,0.0
1.1,1.910284887213855e-18,-0.0007835162019697046,0.0,4.8537957098264e-08,0.3015259809201655,0.08581854891209673,0.3837630012590137,0.0,8.325014431875107e-06,-1.033062800336667e-12,0.0,0.3442811483567661,0.0
1.11,-7.318571013038177e-18,-0.00097364608953993,0.0,5.9382047344030624e-08,0.31012015059325254,0.11245345685605213,0.37333993947775335,0.0,7.209738860868126e-06,-1.0484467096763606e-12,0.0,0.3433290010520907,0.0
1.12,-1.821042216773768e-17,-0.0011068442880321641,0.0,6.654255470140397e-08,0.3183384747622361,0.13794209959337983,0.36300680186167095,0.0,4.994952754652274e-06,-9.515636072906264e-13,0.0,0.3422912889625686,0.0
1.13,-3.000217548512956e-17,-0.0011531241097481756,0.0,6.823650221473282e-08,0.3255321280878216,0.16039286934759,0.3530960605890146,0.0,1.6316248447689523e-06,-7.230554648427061e-13,0.0,0.3411682707078079,0.0
1.14,-4.162614970661467e-17,-0.001084130109631136,0.0,6.280953360648058e-08,0.33106403652926103,0.17799420002155447,0.34393455633924624,0.0,-2.8149153584429508e-06,-3.5298419817976046e-13,0.0,0.3399602261675012,0.0
1.15,-5.1746904128999784e-17,-0.0008767305541107485,0.0,4.895407191504814e-08,0.3343900609358066,0.1892321716613502,0.33580208315105875,0.0,-8.141552713996237e-06,1.5553833160171696e-13,0.0,0.3386674564116745,0.0
1.16,-5.883767129229804e-17,-0.0005169947759762479,0.0,2.5947497330060483e-08,0.33513765060663886,0.19309661691962451,0.3288913139320697,0.0,-1.3992974055146265e-05,7.831953788963243e-13,0.0,0.3372902836256534,0.0
1.17,-6.129853146830261e-17,-4.2169277951072635e-06,0.0,-6.110727347655244e-09,0.333165102156508,0.18923217191045594,0.32327772332208615,0.0,-1.9860285611385382e-05,1.4922631085706604e-12,0.0,0.3358290510297679,0.0
1.18,-5.761440624754491e-17,0.000645448578512702,0.0,-4.608959041822231e-08,0.3285858574397024,0.17799420045887557,0.3189074821371251,0.0,-2.5096308721677676e-05,2.2258611563634288e-12,0.0,0.3342841227938155,0.0
1.19,-4.6546012270685126e-17,0.001396248595638955,0.0,-9.167539715017001e-08,0.32175108632238325,0.16039286985756054,0.3156067397949945,0.0,-2.895032947780883e-05,2.9091288309104865e-12,0.0,0.3326558839463013,0.0
1.2,-2.7341417289681583e-17,0.0021915359098410025,0.0,-1.3931139248472934e-07,0.31319644123718754,0.13794210001789803,0.31310918203109406,0.0,-3.0623662892382284e-05,3.452712898398149e-12,0.0,0.3309447402784818,0.0
1.21,4.9761178314042064e-20,0.0029544505224908257,0.0,-1.8425918718552282e-07,0.3035677380566996,0.11245345701194645,0.31109417758130153,0.0,-2.934544660998341e-05,3.758799791614833e-12,0.0,0.3291511182432325,0.0
1.22,3.478258507166335e-17,0.0035910361071823417,0.0,-2.208078396819095e-07,0.29354172782238674,0.08581854861297777,0.3092271127445092,0.0,-2.4465676787694243e-05,3.7297050709798455e-12,0.0,0.3272754648487674,0.0
1.23,7.497044376352555e-17,0.003996104900706713,0.0,-2.426469882111432e-07,0.28375453536126616,0.05981367247101078,0.30719538822916653,0.0,-1.555978377521385e-05,3.2787525122028957e-12,0.0,0.3253182475472347,0.0
1.24,1.1761508728182422e-16,0.004061946029005567,0.0,-2.434066133336343e-07,0.27474556800290806,0.03594753477702344,0.30473604939895194,0.0,-2.536235238243609e-06,2.342849226532645e-12,0.0,0.3232799541182186,0.0
1.25,1.58641301049235e-16,0.0036896859713901687,0.0,-2.173482044444587e-07,0.26692053111979297,0.015361577378872166,0.30165321349403723,0.0,1.426396406207226e-05,8.958157137959558e-13,0.0,0.3211610925471737,0.0
1.26,1.930604408464331e-16,0.0028027693670698603,0.0,-1.6017121155920997e-07,0.2605339517395248,-0.0012163027558335436,0.2978251756875723,0.0,3.3989091333281896e-05,-1.0388064929014362e-12,0.0,0.3189621908988247,0.0
1.27,2.1527923747901596e-16,0.0013616572949871962,0.0,-6.98761770448205e-08,0.2556892911186177,-0.013470124767269697,0.29320232449324224,0.0,5.5234235437297784e-05,-3.377031559498534e-12,0.0,0.3166837971855618,0.0
1.28,2.1955855502745564e-16,-0.0006215280731316133,0.0,5.2396070183553896e-08,0.25235325408641623,-0.021455730233178223,0.2877978061331723,0.0,7.60488224152295e-05,-5.9675400004004506e-12,0.0,0.314326479230864,0.0
1.29,2.0061139580438851e-16,-0.0030700068288030576,0.0,2.0164874222687619e-07,0.25038016903512206,-0.02553361723647436,0.2816732967747086,0.0,9.400670022225929e-05,-8.590416443530368e-12,0.0,0.311890824527786,0.0
1.3,1.5431111473253438e-16,-0.00583281698163347,0.0,3.6854952463810615e-07,0.2495421828095162,-0.026286395897700033,0.27492233389448145,0.0,0.00010634776658043315,-1.0963164006383215e-11,0.0,0.3093774400925429,0.0
1.31,7.846078223511752e-17,-0.008680672225843126,0.0,5.393036840211751e-07,0.24956134177562392,-0.024431614751968436,0.267653492749141,0.0,0.00011019458564517283,-1.275527941065658e-11,0.0,0.306786952313228,0.0
1.32,-2.6445313347977177e-17,-0.011309004238539849,0.0,6.959885367115387e-07,0.25014026636477704,-0.02073891996874756,0.2599753409382677,0.0,0.00010284003139683423,-1.3612067034582385e-11,0.0,0.3041200067937045,0.0
1.33,-1.5655467053928947e-16,-0.013349651767473207,0.0,8.174358994975407e-07,0.25098893451843113,-0.015958252821046754,0.2519846291638593,0.0,8.209303896770702e-05,-1.3187526354323376e-11,0.0,0.3013772681927078,0.0
1.34,-3.041834830468172e-16,-0.014392061637410206,0.0,8.807115436696157e-07,0.251845951691632,-0.010763388268088253,0.24375863804790932,0.0,4.665961816508889e-05,-1.1185095536938847e-11,0.0,0.2985594200581979,0.0
1.35,-4.576419829564228e-16,-0.014014011394745757,0.0,8.631875465405734e-07,0.25249350744159915,-0.005712827683323034,0.23535204878527952,0.0,-3.4737720369555907e-06,-7.403835294550507e-12,0.0,0.2956671646570052,0.0
1.36,-6.01457657897333e-16,-0.011820777964805282,0.0,7.451365129305438e-07,0.25276593351235865,-0.001228069388981289,0.2267981796746382,0.0,-6.669649132158708e-05,-1.7863851407274766e-12,0.0,0.2927012227998109,0.0
1.37,-7.170782839239453e-16,-0.007490424935736161,0.0,5.126996521503019e-07,0.2525523442098777,0.0024122908808908035,0.21811396282746856,0.0,-0.0001395185133676786,5.536156407718298e-12,0.0,0.2896623336615057,0.0
1.38,-7.841054283840274e-16,-0.000821564975210555,0.0,1.6099949062311203e-07,0.25179423901367376,0.005065278149209539,0.20930765021254077,0.0,-0.00021645593506301687,1.4208235159273282e-11,0.0,0.2865512545969724,0.0
1.39,-7.820637739018516e-16,0.008221285578561131,0.0,-3.029095400531403e-07,0.2504791820232636,0.006706354716986005,0.20038795507251853,0.0,-0.0002901077773890563,2.3629107122396644e-11,0.0,0.2833687609523366,0.0
1.4,-6.926535656893148e-16,0.019470629178896776,0.0,-8.576236838938524e-07,0.24863176045338464,0.007405819765030748,0.191373169666247,0.0,-0.00035146699571494565,3.295376261974487e-11,0.0,0.2801156458717347,0.0
1.41,-5.02365715202337e-16,0.032533584354358436,0.0,-1.4659169901264313e-06,0.24630299257438595,0.007302127848489473,0.1822987672286034,0.0,-0.0003904941274438964,4.112121546765287e-11,0.0,0.2767927200996451,0.0
1.42,-2.0526651980768746e-16,0.04679040582590138,0.0,-2.074629857338011e-06,0.2435592370332592,0.006575047591953384,0.17322210767067642,0.0,-0.0003969604537530731,4.6914356858982014e-11,0.0,0.2734008117788343,0.0
1.43,1.9431165126722527e-16,0.06141912676689684,0.0,-2.6162965371336308e-06,0.24047148392678666,0.005420994889870319,0.16422313415954276,0.0,-0.0003615394256119152,4.9053195901651e-11,0.0,0.2699407662439662,0.0
1.44,6.794976343553355e-16,0.0754493732396842,0.0,-3.0127973618770444e-06,0.23710571398443744,0.0040322039737172724,0.15540038038980067,0.0,-0.00027709174313964014,4.632009104548092e-11,0.0,0.2664134458109268,0.0
1.45,1.2193911295854481e-15,0.08784498915372571,0.0,-3.1811733391637087e-06,0.23351482084863337,0.0025807219788966276,0.14686221145551479,0.0,-0.00014005315559255727,3.771165076867995e-11,0.0,0.2628197295619173,0.0
1.46,1.768730049403094e-15,0.0976103343715726,0.0,-3.0415376239673305e-06,0.2297324206073082,0.001207589498636113,0.13871399456289848,0.0,4.820203081514732e-05,2.2607593776699424e-11,0.0,0.2591605131263681,0.0
1.47,2.26906301542347e-15,0.10390895511768314,0.0,-2.526768034001477e-06,0.22576873250240925,1.704457903977957e-05,0.13104283178639117,0.0,0.000280180567451812,9.42371746061056e-13,0.0,0.2554367084577291,0.0
1.48,2.6517005665140946e-15,0.10617624998098626,0.0,-1.5933823437083136e-06,0.22160860756446618,-0.0009248136613805053,0.12390251474590393,0.0,0.0005414547761967261,-2.6638757108677727e-11,0.0,0.2516492436061921,0.0
1.49,2.8425945552454614e-15,0.10420238100513114,0.0,-2.3270632670051042e-07,0.21721170344514631,-0.001587733802503123,0.11730212782551441,0.0,0.00081040297308507,-5.866070094841918e-11,0.0,0.2477990624874013,0.0
1.5,2.7691212461867687e-15,0.09816357384204247,0.0,1.5188266963858922e-06,0.21251474428826808,-0.001972364803746896,0.11120148959556693,0.0,0.0010586877559682364,-9.275970453524431e-11,0.0,0.2438871246472093,0.0
1.51,2.368525721749354e-15,0.08859270974939791,0.0,3.571621083793499e-06,0.2074357520865298,-0.0021036497086911856,0.10551490364365179,0.0,0.0012526230044966934,-1.2570739456539067e-10,0.0,0.2399144050225382,0.0
1.52,1.5975357532707695e-15,0.07629838562388765,0.0,5.778605067109546e-06,0.2018800797206527,-0.002023490845075284,0.10012220576070677,0.0,0.0013555250213218477,-1.5353726040601164e-10,0.0,0.2358818936984057,0.0
1.53,4.423915392165146e-16,0.06225435065552866,0.0,7.936140073583981e-06,0.1957480076722157,-0.0017834833254123555,0.09488432188800698,0.0,0.0013310633790024947,-1.717870053342179e-10,0.0,0.2317905956611737,0.0
1.54,-1.0717105937255977e-15,0.04748307305968198,0.0,9.791452972261964e-06,0.188943580986745,-0.0014383387391401275,0.08966020957195821,0.0,0.0011475253278177221,-1.7586094371011934e-10,0.0,0.2276415305480861,0.0
1.55,-2.87296611390191e-15,0.032951749964324456,0.0,1.1057515437110454e-05,0.18138425906959804,-0.0010404287280022081,0.08432267407128795,0.0,0.0007827898418551913,-1.615044125808011e-10,0.0,0.2234357323931527,0.0
1.56,-4.838431898275152e-15,0.019491922949764248,0.0,1.1435715635764103e-05,0.17301083305370027,-0.000635689080121261,0.078771396457704,0.0,0.00022968269324998036,-1.2536757661459936e-10,0.0,0.2191742493694471,0.0
1.57,-6.793957812664363e-15,0.007747626249214992,0.0,1.0645894800859212e-05,0.16379694573113707,-0.00026095491266755555,0.07294224640232984,0.0,-0.0004987352352603313,-6.562001356629722e-11,0.0,0.2148581435278796,0.0
1.58,-8.519784693105443e-15,-0.0018478384276318061,0.0,8.462388741921946e-06,0.15375744581603848,5.734271679165139e-05,0.06681252318911221,0.0,-0.0013644927206287356,1.743852709273561e-11,0.0,0.2104884905325114,0.0
1.59,-9.762707173434963e-15,-0.009069848717285901,0.0,4.753682646158751e-06,0.14295474470014585,0.0003032928761167214,0.060402187227796576,0.0,-0.0023012533995835863,1.2084002231011037e-10,0.0,0.2060663793924776,0.0
1.6,-1.0255211997927558e-14,-0.013880620439837137,0.0,-4.777554872936501e-07,0.13150234509399064,0.00047067470563782755,0.05377143254209293,0.0,-0.0032126951967852632,2.3856195662083784e-10,0.0,0.2015929121905823,0.0
1.61,-9.741338219538677e-15,-0.016394064285961088,0.0,-7.0598389777257285e-06,0.11956480098193427,0.0005614542327436359,0.04701513587917045,0.0,-0.003973274362629703,3.6137660225940476e-10,0.0,0.1970692038086371,0.0
1.62,-8.008191429949028e-15,-0.016833872455270866,0.0,-1.4624508694981892e-05,0.10735356571911092,0.0005838821973670963,0.04025482979674283,0.0,-0.004431780100686445,4.770156985775992e-10,0.0,0.1924963816496091,0.0
1.63,-4.921130052736972e-15,-0.015490686593079036,0.0,-2.2596079864436802e-05,0.09511849828932757,0.0005504439410857631,0.033628912994741064,0.0,-0.0044178561303161905,5.707168488054698e-10,0.0,0.1878755853566477,0.0
1.64,-4.597024505001476e-16,-0.012683019924227344,0.0,-3.019952991493393e-05,0.0831352199899148,0.00047587222464767054,0.027281853226607384,0.0,-0.0037513560872456503,6.261933643582343e-10,0.0,0.1832079665290631,0.0
1.65,5.2494533252463356e-15,-0.008725152150006696,0.0,-3.649316028880721e-05,0.0716890182281681,0.0003753836880269073,0.021353169308102993,0.0,-0.0022540281990227054,6.270334711478713e-10,0.0,0.1784946884353219,0.0
1.66,1.1907214225772439e-14,-0.00390368875587049,0.0,-4.0428548715856e-05,0.06105652911018896,0.00026324605152331797,0.015967000444499686,0.0,0.00023737635780098944,5.584887131182733e-10,0.0,0.1737369257231377,0.0
1.67,1.9028913527755704e-14,0.0015369454525213835,0.0,-4.093846121042792e-05,0.05148691603502325,0.0001517315035050132,0.011223071535794273,0.0,0.0038578588061706533,4.095574079902399e-10,0.0,0.1689358641267233,0.0
1.68,2.594837756746804e-14,0.007400976935769234,0.0,-3.705046817552133e-05,0.04318458641005633,5.0466138841329426e-05,0.007189816422807704,0.0,0.008702375856058563,1.7521100230721395e-10,0.0,0.1640927001712813,0.0
1.69,3.1843195271303924e-14,0.013541414315792127,0.0,-2.8020549050729306e-05,0.03629551609543332,-3.38514889340098e-05,0.0039002889033671177,0.0,0.01481720335931487,-1.4144550327593898e-10,0.0,0.1592086408748048,0.0
1.7,3.578411048143394e-14,0.019855892509840038,0.0,-1.3477214945484395e-05,0.030898864101422556,-9.741629072442362e-05,0.0013512382165753306,0.0,0.022196038860160847,-5.273365827940317e-10,0.0,0.1542849034472631,0.0
1.71,3.680952426787136e-14,0.026280209382761942,0.0,6.437034426815462e-06,0.027004768813006,-0.00013903694107009998,-0.0004946436281188792,0.0,0.030781937778441605,-9.581933599650628e-10,0.0,0.1493227149872479,0.0
1.72,3.402357162515843e-14,0.03278114899624252,0.0,3.0943352139438206e-05,0.024558239844704476,-0.00015968718006017843,-0.0017037057811842597,0.0,0.040475332340426565,-1.3982454146560547e-09,0.0,0.1443233121761542,0.0
1.73,2.671320794193613e-14,0.03934967315032766,0.0,5.854201752055404e-05,0.02344821981894267,-0.00016196331837220403,-0.0023642927378372835,0.0,0.051147314568728994,-1.8011067676996187e-09,0.0,0.1392879409699733,0.0
1.74,1.447640588764031e-14,0.045995072565657484,0.0,8.69853211970951e-05,0.023520382545028903,-0.00014951541299244964,-0.002578586285344082,0.0,0.06265636261474329,-2.1120780022693313e-09,0.0,0.1342178562887749,0.0
1.75,-2.6497889178918105e-15,0.05274025870029899,0.0,0.0001133263501549619,0.02459202969533644,-0.00012650755040960525,-0.0024542634112650844,0.0,0.07486604522150606,-2.2719888035501833e-09,0.0,0.1291143217039541,0.0
1.76,-2.407559744864437e-14,0.059618049608094116,0.0,0.00013405873877034893,0.02646743045618855,-9.714830791861498e-05,-0.0020967807322967652,0.0,0.08766108322090466,-2.2225675249335304e-09,0.0,0.1239786091233235,0.0
1.77,-4.8575721307727003e-14,0.06666806252862993,0.0,0.00014535645732425618,0.028952063245238812,-6.531751699304137e-05,-0.001602901349257931,0.0,0.10095942520597749,-1.913151273813408e-09,0.0,0.118811998474127,0.0
1.78,-7.425490325202091e-14,0.07393368848879169,0.0,0.00014341412494882745,0.031864472650226995,-3.430136348021363e-05,-0.0010558530286345126,0.0,0.11471856717667649,-1.30835116510893e-09,0.0,0.1136157773840546,0.0
1.79,-9.857862554791152e-14,0.08145860234843291,0.0,0.0001248774253595633,0.03504483809469603,-6.63569009937593e-06,-0.0005222817621916913,0.0,0.12893507817900418,-3.960779891497825e-10,0.0,0.1083912408603389,0.0
1.8,-1.1848301017686733e-13,0.08928235470667487,0.0,8.734056834360585e-05,0.03835980382001675,1.59522094505332e-05,-5.096652128363022e-05,0.0,0.14363707933745615,8.048660023189155e-10,0.0,0.1031396909670125,0.0
1.81,-1.3057296471443127e-13,0.0974347851268024,0.0,2.9874328822126095e-05,0.04170357037052431,3.251969185224297e-05,0.0003268954656819364,0.0,0.15887019087043056,2.238588375862925e-09,0.0,0.097862436500406,0.0
1.82,-1.3141024693650735e-13,0.10592926087052769,0.0,-4.646469756902649e-05,0.04499565221531455,4.2822934896612536e-05,0.0005961313204715862,0.0,0.17467818010889422,3.808362677352329e-09,0.0,0.0925607926629685,0.0
1.83,-1.1788358763216722e-13,0.11475504769164506,0.0,-0.0001382037729824201,0.048176039561659265,4.719050951007789e-05,0.000755120013211022,0.0,0.19108018989972725,5.376413572868437e-09,0.0,0.0872360807354915,0.0
1.84,-8.764179296182709e-14,0.12386942830135957,0.0,-0.00023916968949276812,0.05119873103849768,4.637665185312619e-05,0.0008127757952605779,0.0,0.20804694509172234,6.768201404784558e-09,0.0,0.0818896277478181,0.0
1.85,-3.955863852381873e-14,0.1331904679050327,0.0,-0.00034041870064074756,0.054024698954063866,4.141185092622349e-05,0.0007853359712554128,0.0,0.22547865907499973,7.781937396131789e-09,0.0,0.0765227661481197,0.0
1.86,2.5813527620609542e-14,0.14259154217947817,0.0,-0.00043044280780176174,0.056615320084715426,3.3464611429883215e-05,0.0006932517579785544,0.0,0.24318746829609425,8.203676194777815e-09,0.0,0.0711368334708214,0.0
1.87,1.0585485837657632e-13,0.15189884091631273,0.0,-0.0004956996542798222,0.058927197729043125,2.3723982293756636e-05,0.0005584144196383561,0.0,0.26088712867474634,7.827806273290514e-09,0.0,0.065733172003261,0.0
1.88,1.956142824815784e-13,0.16089300074360924,0.0,-0.0005214891004286959,0.060909147706127924,1.3308155190875632e-05,0.0004018749366849611,0.0,0.2781924105811046,6.482111313409296e-09,0.0,0.0603131284511621,0.0
1.89,2.8773384122670576e-13,0.16931579140889993,0.0,-0.0004931662555290449,0.06250190087811154,3.2005405442040233e-06,0.00024214234579787662,0.0,0.29463004924301084,4.055846462901914e-09,0.0,0.0548780536030072,0.0
1.9,3.7261993086639746e-13,0.17688239030240657,0.0,-0.00039763965781855097,0.06364074932697408,-5.7884796846506654e-06,9.40799712831901e-05,0.0,0.30966215469940106,5.285212581967309e-10,0.0,0.0494293019933934,0.0
1.91,4.389086680350256e-13,0.1832992340533717,0.0,-0.00022505703865740892,0.06426095779798927,-1.3038254792653557e-05,-3.163554937322837e-05,0.0,0.32272168987198685,-4.003616577541842e-09,0.0,0.043968231565453,0.0
1.92,4.742526085419061e-13,0.1882867412242122,0.0,2.9466334743124406e-05,0.06430536254311152,-1.811853003316497e-05,-0.00012856782523089537,0.0,0.33325814018860644,-9.306953260468614e-09,0.0,0.0384962033324266,0.0
1.93,4.664276788627446e-13,0.1916053982296131,0.0,0.0003642650498613489,0.06373325024862679,-2.078001027918462e-05,-0.00019418781104218574,0.0,0.3407899776272362,-1.499959774435858e-08,0.0,0.0330145810384689,0.0
1.94,4.0472332522212275e-13,0.193082881065959,0.0,0.000769907672274325,0.06252936165282796,-2.0940342042962834e-05,-0.0002292670442307909,0.0,0.3449590791749723,-2.055400481482546e-08,0.0,0.027524730818776,0.0
1.95,2.815375204786495e-13,0.19263916995275088,0.0,0.0012285833569398354,0.06071170091608342,-1.866992454955089e-05,-0.00023710918214338335,0.0,0.3455810384791228,-2.53164715973556e-08,0.0,0.0220280208591157,0.0
1.96,9.405450816413124e-14,0.19030614317680822,0.0,0.0017143158684801577,0.05833677999658317,-1.4180362622652305e-05,-0.00022272201807980516,0.0,0.3426845340650521,-2.854586904846652e-08,0.0,0.0165258210548467,0.0
1.97,-1.5415877862109453e-13,0.18623806761793246,0.0,0.002194186134820606,0.05550103127407578,-7.81651525909929e-06,-0.00019201546865621496,0.0,0.33653287649095887,-2.9472468071722096e-08,0.0,0.0110195026695125,0.0
1.98,-4.5183666406541903e-13,0.18070990794188443,0.0,0.0026306613352109435,0.0523374289134817,-5.121192833607914e-08,-0.00015109047889351387,0.0,0.3276218739216014,-2.7375719675650018e-08,0.0,0.0055104379930925,0.0
1.99,-7.792003469303012e-13,0.1741016317622545,0.0,0.002985001487415067,0.049006914976978413,8.519964182008347e-06,-0.00010566197265050485,0.0,0.3166505688718884,-2.1677438465190157e-08,0.0,4.2748237638262e-17,0.0
2.0,-1.1078701607506732e-12,0.16686881909466691,0.0,0.0032215414693340574,0.04568505583744528,1.718767917332256e-05,-6.063804340724405e-05,0.0,0.30446545135387354,-1.2044176344390072e-08,0.0,2.1374118819131e-17,0.0
2.01,-1.4017091257252888e-12,0.15950270936969108,0.0,0.0033124284096894543,0.04254539477951084,2.5146145877694225e-05,-1.9859164031844196e-05,0.0,0.29198412165307697,1.5101134977410423e-09,0.0,-0.0027552189965462,0.0
2.02,-1.6187539467885508e-12,0.15248549392008406,0.0,0.003242148721566253,0.03974195710208473,3.152315168227907e-05,1.4013636739755348e-05,0.0,0.28010949979111294,1.853244171054625e-08,0.0,-0.0055097513347562,0.0
2.03,-1.7143107748791882e-12,0.14624789937336866,0.0,0.0030109906578383106,0.03739385897029606,3.5426382754531224e-05,3.9483396458592634e-05,0.0,0.26964813673481575,3.806330822267593e-08,0.0,-0.0082629105274234,0.0
2.04,-1.6451844809120943e-12,0.14113522677704338,0.0,0.002636634973606533,0.035574606518869706,3.600794257276587e-05,5.61029387278223e-05,0.0,0.2612446141589424,5.86073592479911e-08,0.0,-0.0110140104295578,0.0
2.05,-1.3748759725312807e-12,0.13738561708027072,0.0,0.0021534642123759145,0.034307512635111816,3.25465743957532e-05,6.429265930992892e-05,0.0,0.2553394639681906,7.815566144718942e-08,0.0,-0.0137623654093879,0.0
2.06,-8.79430232116615e-13,0.13512163900170557,0.0,0.0016097655985152562,0.03356724271304852,2.4544150562391755e-05,6.512073904310455e-05,0.0,0.25215283700712876,9.427096580636538e-08,0.0,-0.0165072905192344,0.0
2.07,-1.5346039906123065e-13,0.13435416902661887,0.0,0.0010634291546541945,0.03328643469507707,1.1829731924844293e-05,6.007300578679581e-05,0.0,0.25169199404453024,1.0424339145714935e-07,0.0,-0.0192481016662132,0.0
2.08,7.842736474367356e-13,0.1349961624069268,0.0,0.000576844873662769,0.03336585606409067,-5.338748332821429e-06,5.0834810092699154e-05,0.0,0.2537780492806921,1.0531813500132852e-07,0.0,-0.0219841157827265,0.0
2.09,1.8864710090875754e-12,0.13688322306017145,0.0,0.00021159280849772862,0.03368651051730123,-2.6187973780489155e-05,3.910149184178316e-05,0.0,0.25808608422221413,9.498924564327056e-08,0.0,-0.0247146509966966,0.0
2.1,3.074885291446067e-12,0.13979773872916088,0.0,2.336966865361038e-05,0.03412225947977237,-4.937273075704407e-05,2.6428001242222327e-05,0.0,0.2641924541939418,7.134457355186238e-08,0.0,-0.0274390268015035,0.0
2.11,4.240710589535131e-12,0.14349361588810694,0.0,5.748167637282638e-05,0.034551749488979454,-7.296498246641576e-05,1.4122571744523378e-05,0.0,0.27162354322348214,3.343732321646312e-08,0.0,-0.030156564225581,0.0
2.12,5.248463575166671e-12,0.14771918826183522,0.0,0.000345162876668964,0.03486868495267581,-9.450322938885818e-05,3.1844469502870262e-06,0.0,0.27990113451455056,-1.834989996222197e-08,0.0,-0.0328665860016304,0.0
2.13,5.943868479178909e-12,0.15223655537380826,0.0,0.0009009390876480975,0.034989735541739314,-0.00011111398438603588,-5.718195993088826e-06,0.0,0.28858074441476383,-8.199097807684527e-08,0.0,-0.0355684167354107,0.0
2.14,6.1659433176475726e-12,0.15683631877999418,0.0,0.0017212332971171538,0.034859618046834746,-0.00011971216412649344,-1.2236689034827e-05,0.0,0.29728056428399996,-1.53600369374597e-07,0.0,-0.0382613830740598,0.0
2.15,5.763072512859315e-12,0.16134733066705315,0.0,0.0027843774053511556,0.03445315446803877,-0.00011728002487035446,-1.630480236943244e-05,0.0,0.30569995497962926,-2.2736570696167848e-07,0.0,-0.040944813873909,0.0
2.16,4.61235088039917e-12,0.16564159626908273,0.0,0.0040521337228727064,0.03377437951570975,-0.00010121519726914674,-1.8084797757081682e-05,0.0,0.3136276311054724,-2.9567622511615503e-07,0.0,-0.0436180403677457,0.0
2.17,2.6409289895229663e-12,0.1696348626182227,0.0,0.00547271215961794,0.03285303214473503,-6.972791971590099e-05,-1.7904895054903163e-05,0.0,0.32094064015824136,-3.494852829714934e-07,0.0,-0.0462803963314842,0.0
2.18,-1.524729304937953e-13,0.1732836863509499,0.0,0.006985070549224012,0.03173900732065524,-2.225653582649919e-05,-1.6195440258527093e-05,0.0,0.3275959162960502,-3.789295320933196e-07,0.0,-0.048931218250203,0.0
2.19,-3.678225698029288e-12,0.17657990793053813,0.0,0.008524002014266223,0.030495572358031214,4.014021684237372e-05,-1.3429636081416391e-05,0.0,0.3336165768059922,-3.742048307481283e-07,0.0,-0.0515698454835062,0.0
2.2,-7.741356754436331e-12,0.1795434810079716,0.0,0.010025239099857709,0.029192319856834112,0.0001144643436952347,-1.0073057492379911e-05,0.0,0.3390752586887912,-3.266705323990634e-07,0.0,-0.0541956204301694,0.0
2.21,-1.2034938685380785e-11,0.18221454650813285,0.0,0.011429771613010741,0.027898784470591114,0.00019558888200516084,-6.544512861798948e-06,0.0,0.34407665111175145,-2.3012081249189573e-07,0.0,-0.0568078886920272,0.0
2.22,-1.614413302090037e-11,0.1846455373104602,0.0,0.01268692658204907,0.026679299448642203,0.000276253884329715,-3.1892768279054994e-06,0.0,0.34874097637452894,-8.212670147253359e-08,0.0,-0.0594059992370635,0.0
2.23,-1.9563298469746453e-11,0.18689395916668736,0.0,0.013756246414706975,0.02558920594336679,0.0003472994402359008,-2.644211272657329e-07,0.0,0.3531896431642767,1.1468119692496137e-07,0.0,-0.0619893045616618,0.0
2.24,-2.1727768604364622e-11,0.1890163107604535,0.0,0.01460841893763706,0.024672271074081386,0.0003981748662506958,2.0650313915823726e-06,0.0,0.3575338252149296,3.515476141603447e-07,0.0,-0.064557160851977,0.0
2.25,-2.2060705997296308e-11,0.1910634045381333,0.0,0.015225467396293033,0.023959135679297576,0.0004177434827844442,3.721082101133335e-06,0.0,0.36186634315203725,6.129217688468583e-07,0.0,-0.0671089281443874,0.0
2.26,-2.0033875265763297e-11,0.1930771750767954,0.0,0.015600427496877388,0.023466566232181636,0.00039537541714492066,4.701177311575967e-06,0.0,0.36625686715380684,8.763609864031304e-07,0.0,-0.0696439704849867,0.0
2.27,-1.523932178242227e-11,0.19508892573060205,0.0,0.015736824519885718,0.023197208045625712,0.000322287728788222,5.062474307813517e-06,0.0,0.3707501335437728,1.1131735782477862e-06,0.0,-0.072161656088077,0.0
2.28,-7.466923870604768e-12,0.19711884898224522,0.0,0.015648112633690165,0.023139631241146097,0.000193053940095161,4.904208722335526e-06,0.0,0.37536669371691783,1.2899279063034791e-06,0.0,-0.0746613574936239,0.0
2.29,3.2192155316517163e-12,0.19917656653068883,0.0,0.01535688805708351,0.023268712145321432,7.166886467260041e-06,4.350108295332199e-06,0.0,0.3801056783262904,1.3708924450660943e-06,0.0,-0.0771424517236315,0.0
2.3,1.6414329660669914e-11,0.20126240022474634,0.0,0.01489351815126074,0.023546548649105364,-0.00022949626861056918,3.5323826136842423e-06,0.0,0.3849490313569897,1.3213856841779154e-06,0.0,-0.0796043204374023,0.0
2.31,3.1326546486304335e-11,0.20336910485945583,0.0,0.014293963963787206,0.023924074547785435,-0.000503485174957552,2.578356932110362e-06,0.0,0.38986660650057925,1.1119080343248261e-06,0.0,-0.0820463500856406,0.0
2.32,4.6760964770809097e-11,0.20548383847886215,0.0,0.013596855696962536,0.024343414785987776,-0.0007930559838174941,1.6003607946359837e-06,0.0,0.39482148561325275,7.228067961334051e-07,0.0,-0.0844679320633616,0.0
2.33,6.114420117261145e-11,0.20759019461285513,0.0,0.012840232622221838,0.024740860592810218,-0.0010681078369553284,6.890680637670596e-07,0.0,0.3997749019086845,1.4909930105691308e-07,0.0,-0.0868684628615689,0.0
2.34,7.25975388932815e-11,0.20967016415721154,0.0,0.01205864734275915,0.025050196244574247,-0.001290937672455176,-8.985877207404232e-08,0.0,0.40469023881946087,-5.950387829822563e-07,0.0,-0.0892473442176609,0.0
2.35,7.906359371254634e-11,0.2117059172626137,0.0,0.011281230422706469,0.02520613778494962,-0.0014179225539436165,-6.962252962777969e-07,0.0,0.4095357839879216,-1.4727080563096531e-06,0.0,-0.0916039832645315,0.0
2.36,7.848679059908964e-11,0.21368129803902106,0.0,0.010530773517649413,0.025147871193377275,-0.0014021600872593863,-1.1134362200459663e-06,0.0,0.41428622766901174,-2.422286261390458e-06,0.0,-0.0939377926783239,0.0
2.37,6.904204893846173e-11,0.2155829407132307,0.0,0.009823437004423287,0.02482283803741314,-0.0011969947200038925,-1.3449564708949e-06,0.0,0.41892313256579433,-3.357637476157397e-06,0.0,-0.0962481908248045,0.0
2.38,4.9399219912815184e-11,0.21740097447855,0.0,0.009168813554885913,0.024190759780816983,-0.0007602366834208305,-1.4097654853692245e-06,0.0,0.42343461461650694,-4.1710987426004604e-06,0.0,-0.0985346019043185,0.0
2.39,1.9003509324006764e-11,0.21912936378340095,0.0,0.008570589287607488,0.023227517562011434,-5.875104870305184e-05,-1.3374157161725691e-06,0.0,0.42781433457385504,-4.739657571960916e-06,0.0,-0.1007964560952911,0.0
2.4,-2.1654957523253113e-11,0.22076597654415853,0.0,0.008028297491359658,0.021928244250493712,0.0009270287481123885,-1.1632117244610139e-06,0.0,0.4320598292988354,-4.934490443944953e-06,0.0,-0.1030331896962388,0.0
2.41,-7.081526709971229e-11,0.22231245833731964,0.0,0.007540321448783137,0.02030902680484281,0.002199206771924235,-9.2390637823565e-07,0.0,0.43617032414065454,-4.633704948876982e-06,0.0,-0.1052442452662556,0.0
2.42,-1.2530034061419664e-10,0.2237739367106151,0.0,0.007107582797076957,0.018406884570345738,0.0037397444494606017,-6.541814426297235e-07,0.0,0.4401443917430553,-3.73773039589284e-06,0.0,-0.1074290717639397,0.0
2.43,-1.8048977809648506e-10,0.22515852654919596,0.0,0.006736706543408634,0.016278003125790495,0.005509566820985223,-3.8405453020263047e-07,0.0,0.4439780062119948,-2.1863588244654963e-06,0.0,-0.1095871246847235,0.0
2.44,-2.3044564891559302e-10,0.2264765936130989,0.0,0.006441353657682904,0.01399439623010617,0.00744990531922745,-1.3724312896338176e-07,0.0,0.4476635345483953,2.4012502517005126e-08,0.0,-0.1117178661965763,0.0
2.45,-2.682182890931143e-10,0.2277397784705003,0.0,0.006241080524480821,0.011639178885332547,0.009486077842750618,6.95739820123191e-08,0.0,0.45118994020417047,2.824796956679078e-06,0.0,-0.113820765274043,0.0
2.46,-2.863464407256962e-10,0.2289598645219352,0.0,0.006158155691772344,0.009300617666983585,0.011533514000138025,2.2672366395800237e-07,0.0,0.45454406218552773,6.063467205119349e-06,0.0,-0.1158952978305868,0.0
2.47,-2.775483390935607e-10,0.23014763998476448,0.0,0.006213512118834357,0.007065315987218835,0.013505336914297983,3.309004666723494e-07,0.0,0.4577125120606055,9.497968685780224e-06,0.0,-0.1179409468492028,0.0
2.48,-2.355782444578445e-10,0.2313119193087317,0.0,0.006423069673542069,0.005011270405791169,0.015320372434950824,3.841082688627252e-07,0.0,0.4606836393653528,1.2799570771968125e-05,0.0,-0.1199572025112691,0.0
2.49,-1.56197707983984e-10,0.23245885292988178,0.0,0.0067952235899457585,0.00320178844769744,0.01691030949700811,3.923637283021673e-07,0.0,0.4634491259219447,1.556610108946079e-05,0.0,-0.1219435623236046,0.0
2.5,-3.8184521846495005e-11,0.23359158054473309,0.0,0.007329682154585858,0.0016811508603974327,0.018225005951786864,3.643259448407383e-07,0.0,0.46600499710297744,1.7346877129375093e-05,0.0,-0.1238995312437006,0.0
2.51,1.1572254714606649e-10,0.23471019306791713,0.0,0.008017218701873977,0.00047250507907187504,0.01923550155829958,3.0998820858507593e-07,0.0,0.4683521115950617,1.7679702614183595e-05,0.0,-0.125824621803096,0.0
2.52,2.9806534500615136e-10,0.2358118941109278,0.0,0.008839452285384465,-0.0004219736389110527,0.019934882387374626,2.395332220626916e-07,0.0,0.4704964147163541,1.6139054502538407e-05,0.0,-0.1277183542288645,0.0
2.53,4.962284115098619e-10,0.2368912356117256,0.0,0.009767824489780655,-0.0010189609715105482,0.020337469069243556,1.6241703603379052e-07,0.0,0.4724492682952014,1.2393108771941745e-05,0.0,-0.129580256563184,0.0
2.54,6.924561366366639e-10,0.23794036514765404,0.0,0.010761697805594442,-0.0013504110168754244,0.020476767768592245,8.671266186518153e-08,0.0,0.4742279233995109,6.265639880881714e-06,0.0,-0.1314098647809586,0.0
2.55,8.644451533451018e-10,0.23894932455577075,0.0,0.011766570195128579,-0.0014591203840187222,0.020402372575963494,1.871455757166456e-08,0.0,0.4758558268422749,-2.20277717075126e-06,0.0,-0.1332067229054633,0.0
2.56,9.866004984723186e-10,0.23990650407696498,0.0,0.012714010243050706,-0.001394003572758264,0.020175821368424014,-3.721837233714438e-08,0.0,0.4773622335282533,-1.2701251739038157e-05,0.0,-0.1349703831219831,0.0
2.57,1.0319941322258411e-09,0.24079934352723015,0.0,0.013524679019786151,-0.0012055775360966664,0.019865437393768212,-7.86201654587847e-08,0.0,0.4787806796287391,-2.4610762086159162e-05,0.0,-0.1367004058894171,0.0
2.58,9.749967854686755e-10,0.2416153000880988,0.0,0.014114929788779654,-0.0009420387643483607,0.019540388573332998,-1.0472398040335465e-07,0.0,0.4801461819126295,-3.6990460329102876e-05,0.0,-0.1383963600498224,0.0
2.59,7.944715674532743e-10,0.2423430059160298,0.0,0.014406344961099183,-0.0006461858662349666,0.019264459774294355,-1.1616851721246286e-07,0.0,0.48149142988914695,-4.859610098144668e-05,0.0,-0.1400578229358672,0.0
2.6,4.77325476898917e-10,0.24297344891281933,0.0,0.014336517555752631,-0.00035331188570790793,0.019090265007603226,-1.1465376657304857e-07,0.0,0.48284260885497854,-5.7937177650909565e-05,0.0,-0.1416843804761683,0.0
2.61,2.2120545773988112e-11,0.24350096462640086,0.0,0.013868815108464752,-9.007618906616567e-05,0.01905470552394913,-1.0258870257443568e-07,0.0,0.4842156877073129,-6.337682110997813e-05,0.0,-0.1432756272984862,0.0
2.62,-5.576402804910712e-10,0.24392385214258613,0.0,0.012999050028297106,0.00012572618918984182,0.019176324400539062,-8.276436296231032e-08,0.0,0.48561392698422995,-6.327484953367034e-05,0.0,-0.1448311668307528,0.0
2.63,-1.2310045546585151e-09,0.24424450327952602,0.0,0.011757728824835913,0.0002846453412420215,0.01945488744943863,-5.80752706759788e-08,0.0,0.48702708117887383,-5.61696700319408e-05,0.0,-0.1463506113999054,0.0
2.64,-1.9483260164503443e-09,0.2444690258666139,0.0,0.010207482127670142,0.00038449351119238656,0.019873162462445332,-3.13015819170202e-08,0.0,0.48843242452113905,-4.0989252496376756e-05,0.0,-0.1478335823285025,0.0
2.65,-2.641761814429522e-09,0.2446064363765374,0.0,0.008436259522691263,0.0004288980669080084,0.020400515991734872,-4.954728145269158e-09,0.0,0.48979736801663,-1.7275526641253725e-05,0.0,-0.1492797100290989,0.0
2.66,-3.227923195427246e-09,0.2446675823858931,0.0,0.0065477758667268175,0.00042568288185131667,0.020997640516799736,1.881857389380749e-08,0.0,0.4910831054876109,1.4599166432228527e-05,0.0,-0.1506886340963539,0.0
2.67,-3.612963022135683e-09,0.2446639943254121,0.0,0.004651130967615631,0.00038524750221428195,0.021621590158445027,3.828473633290206e-08,0.0,0.49224856888206414,5.324983578445494e-05,0.0,-0.1520600033968522,0.0
2.68,-3.7001889608432707e-09,0.24460684030408278,0.0,0.0028512960061283336,0.0003190799570252505,0.022230401260075753,5.213813373190425e-08,0.0,0.4932540593737258,9.616040457689491e-05,0.0,-0.1533934761566139,0.0
2.69,-3.4000346238687467e-09,0.24450609422712094,0.0,0.0012415406489143888,0.00023850031723766365,0.02278681084484302,5.94970989086142e-08,0.0,0.4940641505923589,0.0001396596277815958,0.0,-0.1546887200462714,0.0
2.7,-2.641914196070286e-09,0.24436996257999916,0.0,-0.00010176000354041761,0.00015369268574295014,0.023260833148911485,5.989433667004276e-08,0.0,0.4946496960521074,0.00017901979049147397,0.0,-0.155945412263893,0.0
2.71,-1.3871497117299422e-09,0.24420456573115198,0.0,-0.0011219803927199944,7.30468581815893e-05,0.02363115301392666,5.327168279116938e-08,0.0,0.4949889522507747,0.00020870082662884516,0.0,-0.1571632396154319,0.0
2.72,3.581764232275813e-10,0.24401383745728497,0.0,-0.001783110858835478,2.8000493021949787e-06,0.023885436105439334,3.9984492580996436e-08,0.0,0.49506794463417064,0.00022275272895141762,0.0,-0.1583418985927809,0.0
2.73,2.531890539677378e-09,0.243799589999266,0.0,-0.0020691369737267725,-5.305460392101792e-05,0.02401974372359565,2.0815601876882207e-08,0.0,0.49488026189497225,0.00021537541245121252,0.0,-0.1594810954494123,0.0
2.74,5.007584493668835e-09,0.24356168889288923,0.0,-0.0019824551075882687,-9.264197389093497e-05,0.02403728129792257,-3.0065727314927718e-09,0.0,0.49442647395974865,0.0001816180405615716,0.0,-0.1605805462735868,0.0
2.75,7.59141918970123e-09,0.2432982890562358,0.0,-0.0015417693935270798,-0.00011591889575753787,0.02394671354229875,-2.9795968822501908e-08,0.0,0.49371334171093845,0.00011818024395396553,0.0,-0.1616399770591093,0.0
2.76,1.002555656486476e-08,0.24300609771875878,0.0,-0.0007797718177044396,-0.0001242873929928852,0.023760256023496212,-5.7416496724926175e-08,0.0,0.49275293461175856,2.4257219179647056e-05,0.0,-0.1626591237736173,0.0
2.77,1.1999616991706279e-08,0.24268064711279622,0.0,0.00025926543484673247,-0.00012016262721006502,0.023491713419199166,-8.332464604234892e-08,0.0,0.49156170926581155,-9.764852841483986e-05,0.0,-0.1636377324243837,0.0
2.78,1.3171042822399455e-08,0.24231657677577054,0.0,0.0015220218675301407,-0.00010654323134158674,0.023154589699891124,-1.046617956803979e-07,0.0,0.49015954087883384,-0.00024104153072684767,0.0,-0.1645755591216162,0.0
2.79,1.3194496317552495e-08,0.24190793835602567,0.0,0.0029489454473306366,-8.662140661202664e-05,0.022760354863545922,-1.1840785322443318e-07,0.0,0.48856865332970867,-0.00039497554032046946,0.0,-0.1654723701392408,0.0
2.8,1.175945164835508e-08,0.2414485418143656,0.0,0.004477566230216311,-6.345880794046281e-05,0.02231692563935145,-1.216022139835441e-07,0.0,0.4868123737085679,-0.000543925072335747,0.0,-0.1663279419731507,0.0
2.81,8.63400559681797e-09,0.2409323581356561,0.0,0.006046470069387534,-3.974301543087286e-05,0.021827411503272498,-1.1163005191164461e-07,0.0,0.4849136537892382,-0.0006680759154613673,0.0,-0.1671420613969077,0.0
2.82,3.7117113518897407e-09,0.24035397790022248,0.0,0.007599924804738822,-1.7629231938083726e-05,0.021289198966258565,-8.656211119357617e-08,0.0,0.48289336212832434,-0.0007440988892688494,0.0,-0.1679145255148839,0.0
2.83,-2.942952970448288e-09,0.23970909568145912,0.0,0.009092842022291202,1.3365925097453546e-06,0.02069350194791626,-4.5525219654412466e-08,0.0,0.48076846237299176,-0.0007464317490193748,0.0,-0.1686451418128267,0.0
2.84,-1.105589498697976e-08,0.2389949488551259,0.0,0.01049532658177127,1.6223366117355136e-05,0.020025589942096137,1.0930274004439754e-08,0.0,0.4785503497986992,-0.0006490416419286596,0.0,-0.1693337282058372,0.0
2.85,-2.011761137707436e-08,0.23821060149557932,0.0,0.011795672973481322,2.666351597164908e-05,0.019265968907589307,8.050976363344063e-08,0.0,0.4762437609872126,-0.0004275777521821181,0.0,-0.1699801130837506,0.0
2.86,-2.937660591965608e-08,0.2373569641548585,0.0,0.013000668030203824,3.276111266598262e-05,0.018392719566458705,1.5895118457038308e-07,0.0,0.47384667109123546,-6.175582330679636e-05,0.0,-0.1705841353539039,0.0
2.87,-3.785790691813052e-08,0.23643650017862353,0.0,0.014132676914495242,3.497612448784636e-05,0.017384927404187595,2.399533007404016e-07,0.0,0.47135136783065634,0.000462249380375188,0.0,-0.1711456444812843,0.0
2.88,-4.4411360736064784e-08,0.2354526550214145,0.0,0.015223875216232932,3.400025508724998e-05,0.016226793230642862,3.153070678613032e-07,0.0,0.46874656827536904,0.0011496809858578443,0.0,-0.1716645005260453,0.0
2.89,-4.7792327008690535e-08,0.23440909900079612,0.0,0.016308548739048148,3.06375422317778e-05,0.014911801849038906,3.752726766861106e-07,0.0,0.46602024083444116,0.001995652565611428,0.0,-0.172140574178383,0.0
2.9,-4.677450827469711e-08,0.2333088936534665,0.0,0.017414588620153208,2.5699958792675258e-05,0.01344627117135664,4.0922857757844165e-07,0.0,0.4631627199627953,0.0029844731493530886,0.0,-0.1725737467907624,0.0
2.91,-4.02910076755939e-08,0.23215372007072355,0.0,0.018555602720670947,1.992503044461813e-05,0.01185157392206335,4.065950910283284e-07,0.0,0.46016959442377814,0.004090078459348291,0.0,-0.1729639104074873,0.0
2.92,-2.7595526815939535e-08,0.23094334269018732,0.0,0.01972542821574319,1.3919279244334865e-05,0.010164339416768193,3.580048355845203e-07,0.0,0.45704371749057815,0.005277669915243593,0.0,-0.1733109677916047,0.0
2.93,-8.43121057839276e-09,0.22967546705457859,0.0,0.020896678649816865,8.128358630164872e-06,0.00843420395088442,2.5665679425321117e-07,0.0,0.45379574305649634,0.0065064552001991025,0.0,-0.1736148324491385,0.0
2.94,1.680955431836665e-08,0.22834605361308075,0.0,0.02202396801312864,2.8322296958552437e-06,0.006719253366702964,9.975301607808167e-08,0.0,0.45044295318389027,0.007733139341984404,0.0,-0.1738754286506456,0.0
2.95,4.695455361368128e-08,0.22695000754471206,0.0,0.023050993148725905,-1.8382619929714685e-06,0.005079957908689156,-1.1011970894197016e-07,0.0,0.44700667574708874,0.008915643446383044,0.0,-0.1740926914500892,0.0
2.96,7.997270550543902e-08,0.2254820458498605,0.0,0.023919434385778378,-5.868476483023066e-06,0.0035727891105788692,-3.6383196033843007e-07,0.0,0.44350903643552875,0.010016542501165066,0.0,-0.174266566701025,0.0
2.97,1.1296916725020113e-07,0.223937500882036,0.0,0.024577201174838678,-9.316672486271349e-06,0.002244663096262954,-6.4496693213783e-07,0.0,0.4399699474573517,0.011005900699806719,0.0,-0.1743970110700952,0.0
2.98,1.4227502015617526e-07,0.2223128690214551,0.0,0.02498405845212252,-1.2266585666381487e-05,0.0011289882979974855,-9.29683150324663e-07,0.0,0.43640504974503636,0.011863377551610543,0.0,-0.1744839920478283,0.0
2.99,1.6364694561124655e-07,0.22060603671918286,0.0,0.025113939349774784,-1.4782050229893805e-05,0.00024364589010053762,-1.1873636660706571e-06,0.0,0.4328248623822522,0.012579502568938123,0.0,-0.174527487956741,0.0
3.0,1.7258422831606062e-07,0.2188162648682335,0.0,0.024954778750192638,-1.68692849860905e-05,-0.00040913991512606004,-1.3821913410057021e-06,0.0,0.42923483541868335,0.013155876122451797,0.0,-0.174527487956741,0.0
3.01,1.647593656409183e-07,0.21694410447433204,0.0,0.02450764753554189,-1.845157176463782e-05,-0.0008413330793437272,-1.4757243445769947e-06,0.0,0.425635657501938,0.013603988233940396,0.0,-0.1744839920478283,0.0
3.02,1.3654495197895408e-07,0.21499138557537645,0.0,0.023786647025862605,-1.9359856684043798e-05,-0.0010764470469965541,-1.4304546671082503e-06,0.0,0.42202328663846306,0.013942596843096762,0.0,-0.1743970110700952,0.0
3.03,8.560417030683672e-08,0.2129612868607687,0.0,0.022819638417307178,-1.9341352667214056e-05,-0.0011462124840684788,-1.2142185460658192e-06,0.0,0.41838867744616376,0.014194126059745304,0.0,-0.174266566701025,0.0
3.04,1.1496399353545018e-08,0.2108583574212629,0.0,0.021648481875804287,-1.808656602740633e-05,-0.0010870082307903209,-8.051978085372956e-07,0.0,0.4147176889303992,0.014380999854694883,0.0,-0.1740926914500892,0.0
3.05,-8.376524017617751e-08,0.20868832574122773,0.0,0.020327085663946864,-1.5273370775719234e-05,-0.0009364466288228243,-1.9711539276007847e-07,0.0,0.41099179327622387,0.014522884878319986,0.0,-0.1738754286506456,0.0
3.06,-1.9527918725827395e-07,0.20645761366172383,0.0,0.01891641521402784,-1.0624887657875391e-05,-0.000730411841222028,5.958997662717753e-07,0.0,0.4071898961960981,0.014635429362615904,0.0,-0.1736148324491385,0.0
3.07,-3.150247992254065e-07,0.2041726102801303,0.0,0.017477023906762038,-3.976089881143717e-06,-0.0005007466085949001,1.5354074408366092e-06,0.0,0.403291064268034,0.014730495512610417,0.0,-0.1733109677916047,0.0
3.08,-4.3191610607115397e-07,0.20183887429536151,0.0,0.01606083591137838,4.657619860003265e-06,-0.0002736820102345154,2.5564015758765123e-06,0.0,0.3992775282632206,0.014817379210355863,0.0,-0.1729639104074873,0.0
3.09,-5.322102762753469e-07,0.19946047862893304,0.0,0.014704378696716652,1.5017983029634189e-05,-6.901563741481134e-05,3.567399836288017e-06,0.0,0.3951371607935165,0.014904261030789335,0.0,-0.1725737467907624,0.0
3.1,-6.003205929866949e-07,0.19703967436735131,0.0,0.013425285807103043,2.6556612692242377e-05,0.00010002785683732303,4.453496290150269e-06,0.0,0.3908647638637239,0.014999193525223945,0.0,-0.172140574178383,0.0
3.11,-6.200521908976014e-07,0.1945769471731094,0.0,0.012222823338085534,3.841208887186135e-05,0.00022637065480925314,5.082833353656109e-06,0.0,0.386461890888499,0.015110252028542546,0.0,-0.1716645005260453,0.0
3.12,-5.762367677283649e-07,0.1920714157867694,0.0,0.011081924707348917,4.941999960557352e-05,0.0003082367107882672,5.316691845076399e-06,0.0,0.3819353902546568,0.015244890340854172,0.0,-0.1711456444812843,0.0
3.13,-4.5669181359584994e-07,0.18952143862543677,0.0,0.00997936024842857,5.816287523124741e-05,0.0003480446970691599,5.023049626102014e-06,0.0,0.3772951701612062,0.015408832365277176,0.0,-0.1705841353539039,0.0
3.14,-2.5437390618705193e-07,0.186925281058461,0.0,0.00889053230780495,6.3064250361604e-05,0.0003511899174309271,4.093034094724536e-06,0.0,0.3725517336595352,0.015604883516459634,0.0,-0.1699801130837506,0.0
3.15,3.046091196674215e-08,0.18428172649497954,0.0,0.0077957028300261666,6.25272891546295e-05,0.00032484754758586995,2.4592183304008023e-06,0.0,0.36771391713784823,0.015831952774815587,0.0,-0.1693337282058373,0.0
3.16,3.8832759321139506e-07,0.18159054072507608,0.0,0.006684732296602028,5.511363481840693e-05,0.0002769024643869641,1.1422428614473941e-07,0.0,0.36278716618178003,0.016084508050481054,0.0,-0.1686451418128267,0.0
3.17,7.990894834335993e-07,0.17885271705843245,0.0,0.005559595495457164,3.97526378639898e-05,0.00021507929011254623,-2.8723498639402995e-06,0.0,0.35777261472410793,0.016352652366423002,0.0,-0.1679145255148839,0.0
3.18,1.2313365316207117e-06,0.17607047284188013,0.0,0.0044343819253791095,1.5965269454012614e-05,0.00014631363664619398,-6.3410069761351516e-06,0.0,0.3526670722717974,0.016622880514458455,0.0,-0.1671420613969077,0.0
3.19,1.6428480903340998e-06,0.17324703535845434,0.0,0.0033331806685614014,-1.5918629573837713e-05,7.637479684871781e-05,-1.0035941654266514e-05,0.0,0.34746377201923834,0.01687935581359765,0.0,-0.1663279419731507,0.0
3.2,1.982379778922789e-06,0.17038630312869843,0.0,0.0022867401828766272,-5.457591746084269e-05,9.72349417044417e-06,-1.3607603213796572e-05,0.0,0.3421535544930425,0.017105395092446064,0.0,-0.1654723701392409,0.0
3.21,2.192931096409065e-06,0.16749247107464527,0.0,0.0013288131393835037,-9.756789781987366e-05,-5.04327559065419e-05,-1.6626353215819748e-05,0.0,0.3367261553825814,0.017284862558422057,0.0,-0.1645755591216162,0.0
3.22,2.216528077410185e-06,0.16456968094455585,0.0,0.0004928109586199426,-0.00014131043830550714,-0.0001019387844309277,-1.860867761518047e-05,0.0,0.3311713718171421,0.017403289306969227,0.0,-0.1636377324243837,0.0
3.23,2.0003962436072057e-06,0.16162172780258366,0.0,-0.000190930031857782,-0.00018116439787338343,-0.0001434055486008482,-1.905641161433697e-05,0.0,0.3254800006807263,0.017448658319807082,0.0,-0.1626591237736173,0.0
3.24,1.5042112391943912e-06,0.15865183077683367,0.0,-0.0006972096834805046,-0.00021166836943624468,-0.00017390029821387777,-1.7508113833388383e-05,0.0,0.31964453196428877,0.017411882449869662,0.0,-0.1616399770591093,0.0
3.25,7.079109741212869e-07,0.1556624627083694,0.0,-0.001007438179992065,-0.00022692581668886438,-0.00019267060995516156,-1.3600146424861741e-05,0.0,0.31365963513370027,0.01728705169112804,0.0,-0.1605805462735868,0.0
3.26,-3.806477801240881e-07,0.1526552275884077,0.0,-0.0011106742858815319,-0.00022114478272464386,-0.00019895043646152893,-7.1332853826425555e-06,0.0,0.3075225012501631,0.017071541482001868,0.0,-0.1594810954494124,0.0
3.27,-1.7190805701650975e-06,0.14963077516047202,0.0,-0.0010043771037512538,-0.0001893109455936221,-0.00019188288399541207,1.8610479907547604e-06,0.0,0.3012331033632608,0.016766062565477444,0.0,-0.1583418985927809,0.0
3.28,-3.225929566300648e-06,0.14658874701500246,0.0,-0.0006949696594904319,-0.00012795487845196086,-0.00017057799142065086,1.306238544790399e-05,0.0,0.2947944186358901,0.016374702603087894,0.0,-0.157163239615432,0.0
3.29,-4.779239781659344e-06,0.1435277559711511,0.0,-0.00019823116908437174,-3.595346953007035e-05,-0.00013430551963016613,2.5819219029498655e-05,0.0,0.2882126245671424,0.01590496848357529,0.0,-0.155945412263893,0.0
3.3,-6.219253537788731e-06,0.14044540850360873,0.0,0.00046055685387151385,8.471437966239969e-05,-8.28039450755235e-05,3.9132474013603865e-05,0.0,0.28149724580303187,0.015367794518692274,0.0,-0.1546887200462715,0.0
3.31,-7.3560296740191745e-06,0.13733838642904342,0.0,0.0012468670751299782,0.00022835394730351562,-1.666883504817958e-05,5.1673104444261546e-05,0.0,0.27466119477734163,0.01477744384923506,0.0,-0.1533934761566139,0.0
3.32,-7.982463658339711e-06,0.13420260713262994,0.0,0.0021177936480277102,0.000385188926794801,6.223201129357092e-05,6.184099918102948e-05,0.0,0.2677206260810919,0.01415120635702337,0.0,-0.1520600033968522,0.0
3.33,-7.89271285091976e-06,0.13103347962421466,0.0,0.003023742615416271,0.0005413507346911288,0.00015038137653408583,6.78697248074034e-05,0.0,0.26069451784213415,0.01350879340642078,0.0,-0.1506886340963539,0.0
3.34,-6.905432041054883e-06,0.1278262653151444,0.0,0.00391109836325679,0.0006793191568621471,0.00024234507267278775,6.79777529398833e-05,0.0,0.25360390955087503,0.012871353949969397,0.0,-0.1492797100290989,0.0
3.35,-4.8905303038450665e-06,0.12457653665192737,0.0,0.004725884349978457,0.0007788862638605914,0.0003306861599811748,6.0561827578973956e-05,0.0,0.24647076963822437,0.012260092652535226,0.0,-0.1478335823285026,0.0
3.36,-1.7974226349441576e-06,0.12128070315386572,0.0,0.005418218236020685,0.0008186766808831553,0.00040612589940115145,4.4422278805473184e-05,0.0,0.23931654124115181,0.011694561763661751,0.0,-0.1463506113999055,0.0
3.37,2.317961287679274e-06,0.11793654427833714,0.0,0.005947069991897306,0.0007782043601815364,0.00045800084350028635,1.9003801932336238e-05,0.0,0.2321605180777849,0.011190820240974285,0.0,-0.1448311668307528,0.0
3.38,7.270747756190134e-06,0.1145436600206276,0.0,0.0062845470553565515,0.0006403810703653224,0.0004750413381483149,-1.537092284997567e-05,0.0,0.22501830550309154,0.010759772763888913,0.0,-0.1432756272984862,0.0
3.39,1.2732996143483868e-05,0.1111037407196883,0.0,0.006418830352603159,0.00039431887911666976,0.00044646454157843166,-5.7302674955189424e-05,0.0,0.21790066048932138,0.01040604455613872,0.0,-0.1416843804761683,0.0
3.4,1.8231692947332038e-05,0.10762057988687715,0.0,0.0063550972170973,3.819391652941101e-05,0.0003633363056106818,-0.00010418370251749325,0.0,0.21081293212566887,0.010127662341884254,0.0,-0.1400578229358673,0.0
3.41,2.3162358723926506e-05,0.10409979889333026,0.0,0.0061141952326604024,-0.00041813055276551474,0.00022011334421817181,-0.000152164855746368,0.0,0.20375517697821688,0.009916636575450137,0.0,-0.1383963600498226,0.0
3.42,2.682098054772459e-05,0.10054830136864402,0.0,0.005729280557192782,-0.0009510780106198968,1.6233509424836667e-05,-0.00019625212507059194,0.0,0.19672287235574246,0.0097603538759476,0.0,-0.1367004058894171,0.0
3.43,2.8455692986860276e-05,0.0969735213857233,0.0,0.005241036113556203,-0.0015223150390483626,-0.00024241786570751902,-0.00023055660007277563,0.0,0.18970802009010476,0.009643519069371038,0.0,-0.134970383121983,0.0
3.44,2.7337843551162366e-05,0.09338256844940362,0.0,0.004692395939244422,-0.00207906989523996,-0.0005423685275800766,-0.0002487112343969028,0.0,0.18270033880479583,0.009550253819915522,0.0,-0.1332067229054634,0.0
3.45,2.2849861089325235e-05,0.08978138931936161,0.0,0.004123775862820375,-0.002556143452261407,-0.0008619661448979941,-0.0002444528034927186,0.0,0.17568823591678512,0.009465928650453998,0.0,-0.1314098647809587,0.0
3.46,1.4584830767422315e-05,0.0861740538033423,0.0,0.003569573393991939,-0.0028798428887562293,-0.0011715471907958075,-0.0002123485554692401,0.0,0.1686593570235887,0.009378410263384594,0.0,-0.1295802565631841,0.0
3.47,2.450069254706833e-06,0.08256223921250129,0.0,0.003056269789342382,-0.002973916111467129,-0.0014345551649153714,-0.00014862531452825234,0.0,0.1616006841241989,0.009278596253572538,0.0,-0.1277183542288646,0.0
3.48,-1.3235444068332539e-05,0.07894495128172455,0.0,0.0026020142739507715,-0.002767362512393755,-0.0016097387791407258,-5.203582277345934e-05,0.0,0.15449833058524728,0.009160311667619981,0.0,-0.1258246218030961,0.0
3.49,-3.166186951841077e-05,0.07531848877951774,0.0,0.0022172197916876402,-0.002203752161992272,-0.0016544746177118326,7.532491612646634e-05,0.0,0.1473373112610557,0.009019799771209506,0.0,-0.1238995312437006,0.0
3.5,-5.14807345733729e-05,0.0716766452850741,0.0,0.0019055741148843533,-0.0012514166593147918,-0.001529144907168058,0.00022735894549304254,0.0,0.1401016032787564,0.008855093840046695,0.0,-0.1219435623236047,0.0
3.51,-7.080168470822198e-05,0.06801114989671654,0.0,0.001665034947249542,8.6396709804268e-05,-0.0012023645493730551,0.0003935778318774034,0.0,0.1327747309100619,0.008665475472755353,0.0,-0.1199572025112691,0.0
3.52,-8.724525647782567e-05,0.06431236622012604,0.0,0.001488707500258907,0.0017625611463528996,-0.0006567014849807633,0.0005591081306383982,0.0,0.1253409517348414,0.008451067137328301,0.0,-0.1179409468492028,0.0
3.53,-9.805984101598849e-05,0.06057027203781944,0.0,0.0013657513845013037,0.0036796358053958742,0.00010561634650220384,0.0007051996894047378,0.0,0.1177869817962356,0.008212490026370405,0.0,-0.1158952978305869,0.0
3.54,-0.00010030585581709945,0.05677571897312181,0.0,0.0012825036183955914,0.005687388957325925,0.0010576493120695275,0.0008103223144702507,0.0,0.11010412320702444,0.007950502820403367,0.0,-0.113820765274043,0.0
3.55,-9.110327041846858e-05,0.05292192961920223,0.0,0.0012238980183801446,0.007585666071440132,0.0021440919637933866,0.0008518966388456956,0.0,0.10229062977827254,0.007665591837258663,0.0,-0.1117178661965763,0.0
3.56,-6.793036432460707e-05,0.04900614148739546,0.0,0.0011751135859942728,0.00913378891708645,0.0032798043396973326,0.0008086504222361087,0.0,0.09435413169323195,0.0073575568393863455,0.0,-0.1095871246847236,0.0
3.57,-2.8952520559661325e-05,0.04503126088337389,0.0,0.0011232467714956437,0.010067291410561908,0.004351287660660837,0.000663524211341113,0.0,0.08631392769004992,0.007025203945694941,0.0,-0.1074290717639397,0.0
3.58,2.6649163669559576e-05,0.041007352588197134,0.0,0.001058707519743561,0.01012223395733052,0.005221743665141396,0.00040697452991101415,0.0,0.07820293929361746,0.006666297685661616,0.0,-0.1052442452662557,0.0
3.59,9.838751335312869e-05,0.036952773089137816,0.0,0.0009760452878191274,0.009066605380162004,0.005740135522224756,4.044484135948993e-05,0.0,0.0700690942626498,0.006277901304999222,0.0,-0.1030331896962388,0.0
3.6,0.00018426054594988816,0.03289476412460797,0.0,0.0008740551359043602,0.0067374578101786105,0.005754343138192121,-0.0004202974104034658,0.0,0.06197586134723738,0.0058571261254842764,0.0,-0.1007964560952911,0.0
3.61,0.00028066906138256927,0.028869357298567905,0.0,0.0007552298177465415,0.0030814871406258833,0.0051280854457495745,-0.0009423157634679097,0.0,0.05400162749352277,0.0054021614017336775,0.0,-0.0985346019043186,0.0
3.62,0.0003825009568705019,0.024920489970745734,0.0,0.0006247809998647364,-0.0018041445805244778,0.0037607886083413753,-0.0014735404351747183,0.0,0.046237644824912154,0.004913351771704066,0.0,-0.0962481908248045,0.0
3.63,0.00048341132420327663,0.02109829248917826,0.0,0.0004894870373418285,-0.007634742653405535,0.0016090476455497293,-0.0019420686818537283,0.0,0.03878440288481464,0.004394073327009073,0.0,-0.0939377926783238,0.0
3.64,0.0005763076954748772,0.017456579438512053,0.0,0.00035657527951809485,-0.013909321169683794,-0.001292190812130034,-0.0022570656476185082,0.0,0.031746482196154654,0.0038512084430943967,0.0,-0.0916039832645316,0.0
3.65,0.0006540208456398235,0.014049664876064969,0.0,0.0002327761282415193,-0.019894899251206966,-0.004811043848514709,-0.0023115058100652524,0.0,0.025226179208804198,0.003295096690857713,0.0,-0.0892473442176609,0.0
3.66,0.0007101029040768789,0.010928719460953076,0.0,0.00012362320586708776,-0.024628328381470593,-0.008705329571723463,-0.0019868528115034047,0.0,0.019316420033772437,0.00273892949185549,0.0,-0.0868684628615688,0.0
3.67,0.0007396477472133576,0.008137984805204118,0.0,3.3024143247712324e-05,-0.026939316838439965,-0.012617141104491403,-0.001159594750821629,0.0,0.014093663425963476,0.00219765718530145,0.0,-0.0844679320633617,0.0
3.68,0.0007399845060529769,0.005711238326667093,0.0,-3.691053063912806e-05,-0.025496945064349158,-0.016077882482697512,0.0002906499633601483,0.0,0.009611601121600729,0.0016865774040527263,0.0,-0.0820463500856406,0.0
3.69,0.0007110822131692095,0.003668935219859022,0.0,-8.581793856950697e-05,-0.01888008358594789,-0.018525768197305392,0.0024719374701782358,0.0,0.005896466272514831,0.0012198432407676224,0.0,-0.0796043204374024,0.0
3.7,0.0006555546761046932,0.0020164174931734695,0.0,-0.00011486473217458224,-0.005669879884986213,-0.01933689165926944,0.005470353287823151,0.0,0.002944623754458267,0.0008091357985610327,0.0,-0.0771424517236316,0.0
3.71,0.0005782641199834266,0.000743458571553185,0.0,-0.00012641756140168535,0.015439866616925587,-0.01786968095878142,0.00934065031438722,0.0,0.0007228239632391656,0.00046268581559934236,0.0,-0.0746613574936239,0.0
3.72,0.00048563247768676455,-0.0001747817603412365,0.0,-0.0001236577338303193,0.04552071806556448,-0.013520921310504959,0.014097930816117953,0.0,-0.0008288991249022183,0.00018473839563320794,0.0,-0.0721616560880771,0.0
3.73,0.00038482199919794415,-0.000775535050436451,0.0,-0.00011018892950946328,0.08528385644776668,-0.005789669506561701,0.0197111188856575,0.0,-0.001792105109952787,-2.4527851526472148e-05,0.0,-0.0696439704849867,0.0
3.74,0.0002829352008798208,-0.0011052558297699557,0.0,-8.967693488915361e-05,0.13495964974543734,0.005656459164076632,0.026098948935261164,0.0,-0.0022633074232723555,-0.00016867677206094708,0.0,-0.0671089281443874,0.0
3.75,0.00018634030963258588,-0.0012159259538720884,0.0,-6.554897828807036e-05,0.19419295984776058,0.020919731431499104,0.03312918857751935,0.0,-0.002346648987632947,-0.0002543759149747761,0.0,-0.0645571608519771,0.0
3.76,0.00010018143270796632,-0.0011612631563242526,0.0,-4.076879618155419e-05,0.2619664254393817,0.039823614367271,0.04062179875913802,0.0,-0.002146699209966624,-0.0002905550741801796,0.0,-0.0619893045616618,0.0
3.77,2.8093807672968555e-05,-0.0009932139812794368,0.0,-1.7693111566787945e-05,0.3365655435589006,0.0618853429235548,0.0483566371754774,0.0,-0.00176204614329528,-0.00028747766914052637,0.0,-0.0594059992370634,0.0
3.78,-2.7884687377841555e-05,-0.0007590213530176709,0.0,1.993501846398139e-06,0.4155994267356622,0.0863171581569932,0.056086034170127384,0.0,-0.0012801675056998254,-0.00025582924743455007,0.0,-0.0568078886920274,0.0
3.79,-6.723447575932598e-05,-0.0004990505982167094,0.0,1.7274952336083055e-05,0.4960882835355264,0.1120611592090893,0.06355202722879535,0.0,-0.0007738552862373375,-0.0002059065740923998,0.0,-0.0541956204301694,0.0
3.8,-9.074791162255064e-05,-0.000245451679907617,0.0,2.7745023180170226e-05,0.5746222396709347,0.1378585385626033,0.07050721016105345,0.0,-0.00029927017876935877,-0.0001469652799527539,0.0,-0.0515698454835062,0.0
3.81,-0.00010024025646424043,-2.1641674517092878e-05,0.0,3.350980158523747e-05,0.6475871728464089,0.16234884533326704,0.07673722309217607,0.0,0.00010446614206215188,-8.675780785744058e-05,0.0,-0.048931218250203,0.0
3.82,-9.822147186179091e-05,0.0001574825035595034,0.0,3.506734068674624e-05,0.7114452339067913,0.18419087245547808,0.08208234261445913,0.0,0.00041435956863282176,-3.126935123545305e-05,0.0,-0.0462803963314843,0.0
3.83,-8.756704834450655e-05,0.00028474203631020706,0.0,3.317946892234479e-05,0.7630529036204357,0.20219505602298246,0.08645573543557143,0.0,0.0006216126260410034,1.5360424412180596e-05,0.0,-0.0436180403677458,0.0
3.84,-7.121828556448014e-05,0.00035945328476338223,0.0,2.874831052729049e-05,0.7999941432078919,0.21545575089784924,0.08985630519680238,0.0,0.0007290106647916112,5.0756791161788176e-05,0.0,-0.0409448138739091,0.0
3.85,-5.1933429745327024e-05,0.00038595894267197834,0.0,2.2707100234286787e-05,0.8208950833376711,0.22346721904610176,0.09237405762902616,0.0,0.0007479601771976833,7.410661798807336e-05,0.0,-0.0382613830740598,0.0
3.86,-3.2101989610059036e-05,0.00037207723134908394,0.0,1.5931664096051077e-05,0.8256725129492668,0.22620104289023757,0.09418584070057015,0.0,0.0006954821949136907,8.587240003923302e-05,0.0,-0.0355684167354106,0.0
3.87,-1.3626258529456928e-05,0.000327609376083287,0.0,9.175831227646994e-06,0.8156617593689678,0.22412080006952637,0.09554030251708102,0.0,0.0005914105032758015,8.7463300920965e-05,0.0,-0.0328665860016306,0.0
3.88,2.1328380268066954e-06,0.00026301391867414894,0.0,3.0312920982211887e-06,0.7935794050011957,0.21811711882437615,0.09673338633531184,0.0,0.0004559792550433552,8.089887848838334e-05,0.0,-0.030156564225581,0.0
3.89,1.4353641989325953e-05,0.00018832131113679862,0.0,-2.089804061734327e-06,0.7633048620536179,0.20936365055655695,0.09807859474407304,0.0,0.00030791587180936333,6.849479034447364e-05,0.0,-0.0274390268015036,0.0
3.9,2.2706853011797108e-05,0.00011232758973376619,0.0,-5.952831245010356e-06,0.7295050113037422,0.19911759572582444,0.09987789698728929,0.0,0.00016308982737176455,5.259207790373573e-05,0.0,-0.0247146509966968,0.0
3.91,2.7276890069097504e-05,4.2074771384638264e-05,0.0,-8.483552039598306e-06,0.6971608298806447,0.18850693230280563,0.10239869483271485,0.0,3.371118476899437e-05,3.534357633330056e-05,0.0,-0.0219841157827265,0.0
3.92,2.8464728746456582e-05,-1.7399980355652775e-05,0.0,-9.740574787603923e-06,0.6710685088506382,0.17835101416225657,0.10586035774360703,0.0,-7.197208140080266e-05,1.856338707076126e-05,0.0,-0.0192481016662133,0.0
3.93,2.688433997946194e-05,-6.30832671476691e-05,0.0,-9.882020580511431e-06,0.6553797164222294,0.1690514169233593,0.1104316687847366,0.0,-0.00014956035361358898,3.6387672498235433e-06,0.0,-0.0165072905192344,0.0
3.94,2.3262925582939508e-05,-9.382118763994984e-05,0.0,-9.130544711061942e-06,0.653228051034594,0.16057261368558967,0.11623864270284899,0.0,-0.0001980725588453177,-8.501392353823832e-06,0.0,-0.0137623654093879,0.0
3.95,1.8352715410575656e-05,-0.00011002591354797524,0.0,-7.740122515154841e-06,0.6664712859587197,0.15251324043512832,0.1233804955246566,0.0,-0.00021930627804217747,-1.7370943881259754e-05,0.0,-0.0110140104295578,0.0
3.96,1.2859481572215112e-05,-0.00011330669873051552,0.0,-5.967132695285966e-06,0.6955648724082157,0.1442505594181051,0.1319498501654909,0.0,-0.00021708920412541623,-2.28752093666212e-05,0.0,-0.0082629105274234,0.0
3.97,7.3904055349530615e-06,-0.00010607397081529613,0.0,-4.047358710259112e-06,0.7395708628489446,0.13512411362330784,0.1420515280674828,0.0,-0.00019651105572610528,-2.5236188606470306e-05,0.0,-0.0055097513347562,0.0
3.98,2.4217079038947324e-06,-9.115707160007265e-05,0.0,-2.1796678333368076e-06,0.7962966243315849,0.12461299322571974,0.15381307082281792,0.0,-0.00016320766218190136,-2.4905833382716582e-05,0.0,-0.0027552189965463,0.0
3.99,-1.7153471386987317e-06,-7.146633799356567e-05,0.0,-5.163823339898409e-07,0.8625479417607821,0.11246228714866732,0.16738082617904881,0.0,-0.00012274903175651456,-2.247754168311234e-05,0.0,-4.2748237638262e-17,0.0
4.0,-4.832762001049405e-06,-4.9719778178029545e-05,0.0,8.402314506904457e-07,0.9344700734670555,0.09873293492601665,0.18289883990667755,0.0,-8.016304713905587e-05,-1.8604016467320624e-05,0.0,0.0,0.0
4.01,-6.871914254991837e-06,-2.8244619713249015e-05,0.0,1.8363442477075846e-06,1.0079382925855067,0.083777105233102,0.2004724343143501,0.0,-3.960780224898971e-05,-1.3927342576786307e-05,0.0,0.0055104379930924,0.0
4.02,-7.881271859396993e-06,-8.855255856047395e-06,0.0,2.461043095801992e-06,1.0789501001780584,0.06816193237639882,0.22012166892190083,0.0,-4.189793896355518e-06,-9.0248208559833e-06,0.0,0.0110195026695125,0.0
4.03,-7.989447884735174e-06,7.197905895703437e-06,0.0,2.7382182439785082e-06,1.1439705183872653,0.05256978179740258,0.24173128176970263,0.0,2.4087014288080605e-05,-4.371966661810298e-06,0.0,0.0165258210548468,0.0
4.04,-7.376942927659699e-06,1.9219237940020334e-05,0.0,2.7171169870912874e-06,1.200192365135845,0.03769806314915614,0.26500457335465033,0.0,4.42645316579412e-05,-3.222776914707701e-07,0.0,0.0220280208591157,0.0
4.05,-6.249328108774564e-06,2.701192804561093e-05,0.0,2.4626738996104444e-06,1.2456912807263907,0.024173771443700948,0.28942977173444634,0.0,5.629405498692561e-05,2.8980091955030974e-06,0.0,0.0275247308187759,0.0
4.06,-4.813911943661704e-06,3.079006996175879e-05,0.0,2.046511703638723e-06,1.2794735460244804,0.012491023709814381,0.31426803739227227,0.0,6.084883787924792e-05,5.182888162551649e-06,0.0,0.0330145810384688,0.0
4.07,-3.261196515494091e-06,3.107328323208718e-05,0.0,1.5392590523702257e-06,1.3014287860436449,0.0029744587237327293,0.3385715189987046,0.0,5.9112940460936265e-05,6.530497194438641e-06,0.0,0.0384962033324266,0.0
4.08,-1.7517326483585107e-06,2.8576801067216096e-05,0.0,1.004579449631811e-06,1.3122084013138708,-0.004232586055721492,0.36123730622216566,0.0,5.25698959719664e-05,7.021301354979415e-06,0.0,0.0439682315654531,0.0
4.09,-4.0838205030992716e-07,2.4107622137132404e-05,0.0,4.950722889492006e-07,1.3130546160331924,-0.009158837287723272,0.3810985990666768,0.0,4.280976230029405e-05,6.7936714647558936e-06,0.0,0.0494293019933934,0.0
4.1,6.864806294617633e-07,1.8474547566589404e-05,0.0,5.000901355244102e-08,1.3056053421589384,-0.01197998437210373,0.39704789636384114,0.0,3.1367584049110785e-05,6.01954963764301e-06,0.0,0.0548780536030072,0.0
4.11,1.4896264788633693e-06,1.241705251811014e-05,0.0,-3.052854574438928e-07,1.291697628166243,-0.01298343921421764,0.40817856167608835,0.0,1.9600781115538003e-05,4.882315730519101e-06,0.0,0.060313128451162,0.0
4.12,1.9924852987700807e-06,6.555244512092916e-06,0.0,-5.5869978846505e-07,1.2731882438475608,-0.012528479062313266,0.41392145167847944,0.0,8.607978358803772e-06,3.558328503853567e-06,0.0,0.0657331720032609,0.0
4.13,2.2145715621088233e-06,1.3608371667436395e-06,0.0,-7.096017247836168e-07,1.2518048014663645,-0.011006575042579339,0.41414585919547786,0.0,-8.12371983146668e-07,2.202981511751948e-06,0.0,0.0711368334708214,0.0
4.14,2.195840717335155e-06,-2.852757424390014e-06,0.0,-7.664656542729075e-07,1.229035441227523,-0.008805676059994615,0.409196127892262,0.0,-8.16836092884093e-06,9.415405450557478e-07,0.0,0.0765227661481197,0.0
4.15,1.988871564787871e-06,-5.924387582329728e-06,0.0,-7.442048071741156e-07,1.2060600670478816,-0.006281048110496757,0.39985165163068903,0.0,-1.3252826587273418e-05,-1.354458047282918e-07,0.0,0.0818896277478181,0.0
4.16,1.6515961299234296e-06,-7.82706839896187e-06,0.0,-6.615040761548891e-07,1.1837217955069033,-0.003734107205036487,0.38722162133021665,0.0,-1.6101251925150575e-05,-9.727273304195442e-07,0.0,0.0872360807354914,0.0
4.17,1.241097880545754e-06,-8.64196343632858e-06,0.0,-5.383867900804216e-07,1.1625339093236857,-0.0013996383176972805,0.3726024207976015,0.0,-1.6937333428500292e-05,-1.5477215702197643e-06,0.0,0.0925607926629685,0.0
4.18,8.087953999365722e-07,-8.528391159947822e-06,0.0,-3.941789494187609e-07,1.142715278648874,0.0005590651111760118,0.35732802252189333,0.0,-1.611359066902861e-05,-1.865580600546543e-06,0.0,0.0978624365004061,0.0
4.19,3.9714023529460804e-07,-7.693319318378861e-06,0.0,-2.45965059689106e-07,1.1242459067878257,0.0020482385954921534,0.3426367677859382,0.0,-1.4053262811868135e-05,-1.9528738585129392e-06,0.0,0.1031396909670125,0.0
4.2,3.779783573096037e-08,-6.36312430432733e-06,0.0,-1.0756675869887145e-07,1.1069338706769056,0.0030363558444013953,0.32956877042205374,0.0,-1.1198304903027063e-05,-1.8507325239647267e-06,0.0,0.1083912408603388,0.0
4.21,-2.488427829011233e-07,-4.759608734830853e-06,0.0,1.0976926781069692e-08,1.090485313134782,0.003543182096407963,0.31890025216387863,0.0,-7.966745257962133e-06,-1.6081693442711563e-06,0.0,0.1136157773840545,0.0
4.22,-4.5306869393967113e-07,-3.081478283128601e-06,0.0,1.0348829299052539e-07,1.0745701351795134,0.003626832399533361,0.3111150062766224,0.0,-4.721156314040828e-06,-1.2761214772896849e-06,0.0,0.118811998474127,0.0
4.23,-5.744352266756234e-07,-1.491749201781961e-06,0.0,1.6737502718715878e-07,1.0588774633674067,0.0033703369043006095,0.3064088535572461,0.0,-1.7486480269756727e-06,-9.025848513381377e-07,0.0,0.1239786091233236,0.0
4.24,-6.198446353891762e-07,-1.1094145039298769e-07,0.0,2.0309879213444162e-07,1.0431566760799154,0.0028689547564199835,0.30472026085393383,0.0,7.483021464559619e-07,-5.290350745783409e-07,0.0,0.1291143217039541,0.0
4.25,-6.013880410176631e-07,9.84561289745253e-07,0.0,2.1348887910535994e-07,1.0272416393021404,0.0022191609269234234,0.3057790214906573,0.0,2.651672060304134e-06,-1.88176070016644e-07,0.0,0.1342178562887749,0.0
4.26,-5.341896072573464e-07,1.7599232021525705e-06,0.0,2.0299377685568142e-07,1.0110577358024355,0.0015098966472023355,0.30916478489185234,0.0,3.920363009960729e-06,9.706731170384852e-08,0.0,0.1392879409699733,0.0
4.27,-4.3444118135563124e-07,2.216148768858228e-06,0.0,1.769493014890616e-07,0.9946132125978027,0.0008163572067249664,0.3143679823015126,0.0,4.577528024808718e-06,3.134876240692363e-07,0.0,0.1443233121761542,0.0
4.28,-3.177591498308792e-07,2.382403907912156e-06,0.0,1.4092384916166583e-07,0.9779782872502578,0.0001963153407430897,0.3208470415492026,0.0,4.694956589474042e-06,4.566956045203124e-07,0.0,0.1493227149872479,0.0
4.29,-1.979391910509887e-07,2.307444964276857e-06,0.0,1.001817737468134e-07,0.9612572566663791,-0.0003112400013761193,0.32807744966426816,0.0,4.376505159246318e-06,5.296392566221621e-07,0.0,0.1542849034472631,0.0
4.3,-8.613377118317622e-08,2.051087575913834e-06,0.0,5.928687941785022e-08,0.9445600963014971,-0.0006855237319821584,0.33558996135403335,0.0,3.74222555195569e-06,5.407938939927033e-07,0.0,0.1592086408748047,0.0
4.31,9.565029145886864e-09,1.6764514214737716e-06,0.0,2.1851102012028716e-08,0.9279797570605444,-0.000921897279039735,0.3429968402945946,0.0,2.9144327354582603e-06,5.022511701384531e-07,0.0,0.1640927001712813,0.0
4.32,8.41865676135558e-08,1.2434993630119389e-06,0.0,-9.580329544343513e-09,0.9115789516041156,-0.0010288281747524149,0.3500063011220422,0.0,2.006521129027124e-06,4.278957335712179e-07,0.0,0.1689358641267233,0.0
4.33,1.3565654742779458e-07,8.041738308886153e-07,0.0,-3.352606579373472e-08,0.8953866707429943,-0.0010243422860450634,0.3564262563824533,0.0,1.1149267737961427e-06,3.3181058023835114e-07,0.0,0.1737369257231377,0.0
4.34,1.6436600203884725e-07,3.9923746533309797e-07,0.0,-4.947327853340465e-08,0.8794020116077816,-0.0009323883835272005,0.3621591188403998,0.0,3.1427328839590096e-07,2.2700231973957478e-07,0.0,0.1784946884353219,0.0
4.35,1.7261563863093382e-07,5.676128135682184e-08,0.0,-5.771769112101642e-08,0.8636021332024951,-0.0007794540459810049,0.36718981226078834,0.0,-3.4454718411206045e-07,1.244902760529656e-07,0.0,0.1832079665290631,0.0
4.36,1.6401054120278665e-07,-2.0792137796986275e-07,0.0,-5.9166667832965695e-08,0.847951673992502,-0.0005916786661419585,0.37156930765929247,0.0,-8.338110907723799e-07,3.2762206170699935e-08,0.0,0.1878755853566478,0.0
4.37,1.428687166889201e-07,-3.9106137275341035e-07,0.0,-5.5130414395906254e-08,0.832411808959857,-0.00039261424626764376,0.3753959358288805,0.0,-1.1464930584311937e-06,-4.243326040267823e-08,0.0,0.192496381649609,0.0
4.38,1.1369232910499635e-07,-4.984533838342985e-07,0.0,-4.712208406449047e-08,0.8169478553032361,-0.00020169634030285557,0.37879647368952013,0.0,-1.2925077423147033e-06,-9.801050985211048e-08,0.0,0.1970692038086372,0.0
4.39,8.073464861027441e-08,-5.428344244818054e-07,0.0,-3.668240589624259e-08,0.801534895790707,-3.3412106598372054e-05,0.3819086240845162,0.0,-1.2942651984614466e-06,-1.33253819894746e-07,0.0,0.2015929121905823,0.0
4.4,4.768037879512218e-08,-5.410338828669836e-07,0.0,-2.5239001934742404e-08,0.7861612927996354,0.00010290625100673557,0.38486606815480506,0.0,-1.1820737773369162e-06,-1.4937878070630925e-07,0.0,0.2060663793924776,0.0
4.41,1.7443365148389862e-08,-5.111555040459686e-07,0.0,-1.4005372459749641e-08,0.7708302335184365,0.00020277481973939016,0.3877868200636217,0.0,-9.898247299893053e-07,-1.4901741627756025e-07,0.0,0.2104884905325114,0.0
4.42,-7.925433932666417e-09,-4.7002742051239537e-07,0.0,-3.920001893787819e-09,0.7555595996784473,0.00026587280729086947,0.39076519790669756,0.0,-7.512760097363119e-07,-1.3568821398290793e-07,0.0,0.2148581435278795,0.0
4.43,-2.7234978474020375e-08,-4.311059410028833e-07,0.0,4.377571160846477e-09,0.7403805175545775,0.0002951200251812748,0.3938673716395513,0.0,-4.971329553094877e-07,-1.1330064566692399e-07,0.0,0.2191742493694471,0.0
4.44,-4.007653258452566e-08,-4.029668508571095e-07,0.0,1.053944598318669e-08,0.7253349406366211,0.0002956512932849706,0.3971301755962698,0.0,-2.53011822188137e-07,-8.573025738268933e-08,0.0,0.2234357323931527,0.0
4.45,-4.669398609545615e-08,-3.884674226907846e-07,0.0,1.4478065185784784e-08,0.710472572569558,0.0002738050811388286,0.40056268500067055,0.0,-3.8276587466679397e-08,-5.6486597291835185e-08,0.0,0.227641530548086,0.0
4.46,-4.782447523342142e-08,-3.846146437094008e-07,0.0,1.6318752556121615e-08,0.6958473739736516,0.0002362200956345279,0.40414994868135523,0.0,1.343349397473787e-07,-2.848341456958595e-08,0.0,0.2317905956611737,0.0
4.47,-4.4529535460601717e-08,-3.8313058155134445e-07,0.0,1.6343665215895437e-08,0.6815138326458726,0.00018910647097842887,0.4078582329792616,0.0,2.5843085161545396e-07,-3.909614751303588e-09,0.0,0.2358818936984056,0.0
4.48,-3.803356906304411e-08,-3.7166379417433604e-07,0.0,1.493389091691983e-08,0.6675231272114298,0.0001377305005728152,0.4116411493309624,0.0,3.331942486469486e-07,1.5809042485520857e-08,0.0,0.2399144050225383,0.0
4.49,-2.9582220240133398e-08,-3.3555542508820424e-07,0.0,1.2515160279738348e-08,0.6539192893209227,8.612570339553774e-05,0.41544609332896276,0.0,3.622931633022259e-07,2.997334233289016e-08,0.0,0.2438871246472093,0.0
4.5,-2.0328844460696935e-08,-2.6002954532789463e-07,0.0,9.51116972720414e-09,0.6407354733305866,3.702007057768038e-05,0.41922049993320765,0.0,3.5263383281177386e-07,3.851815657630986e-08,0.0,0.2477990624874013,0.0
4.51,-1.1253068100856552e-08,-1.3263955994080396e-07,0.0,6.30699769077877e-09,0.6279904739444081,-8.049355588465044e-06,0.42291750409496637,0.0,3.130984866101946e-07,4.188403522900907e-08,0.0,0.2516492436061922,0.0
4.52,-3.111780181595144e-09,5.4232680518340585e-08,0.0,3.223685011075306e-09,0.6156856852861659,-4.8477309056639415e-05,0.4265006781794676,0.0,2.5337954184000685e-07,4.087169180593923e-08,0.0,0.2554367084577291,0.0
4.53,3.5800132297572606e-09,3.010585334847222e-07,0.0,5.038424327353605e-10,0.6038027586354426,-8.423821286813718e-05,0.4299475913616181,0.0,1.8298922561418102e-07,3.6495737927810764e-08,0.0,0.259160513126368,0.0
4.54,8.54311199547188e-09,5.992797384980512e-07,0.0,-1.6927934627383134e-09,0.5923022765944864,-0.00011549698377933586,0.4332520000873932,0.0,1.1049089055955714e-07,2.9850629424175304e-08,0.0,0.2628197295619173,0.0
4.55,1.1708688805710748e-08,9.301235529719108e-07,0.0,-3.285583261547368e-09,0.5811238028201916,-0.00014223816774306156,0.43642453505535356,0.0,4.2968600743900886e-08,2.199797566459267e-08,0.0,0.2664134458109268,0.0
4.56,1.3179820111056477e-08,1.2643670536301433e-06,0.0,-4.2630745918452065e-09,0.5701876725030194,-0.00016396439659608538,0.4394918041862915,0.0,-1.4273005400490862e-08,1.3880558215272424e-08,0.0,0.2699407662439662,0.0
4.57,1.318610560482871e-08,1.5632664591701909e-06,0.0,-4.669147951090332e-09,0.5593988450334344,-0.0001795070793095003,0.4424938895250602,0.0,-5.780485097957481e-08,6.26493620594243e-09,0.0,0.2734008117788342,0.0
4.58,1.203681043093486e-08,1.780803659176052e-06,0.0,-4.5872945703390416e-09,0.5486530359910592,-0.00018698100799769825,0.4454802858708731,0.0,-8.600347053914005e-08,-2.883836251259892e-10,0.0,0.276792720099645,0.0
4.59,1.0076944277355051e-08,1.8673078500181384e-06,0.0,-4.1248296018329925e-09,0.5378451756092653,-0.00018390067219454075,0.448504415616157,0.0,-9.885821714636751e-08,-5.430430965540027e-09,0.0,0.2801156458717347,0.0
4.6,7.649500837916362e-09,1.7743858515124593e-06,0.0,-3.3984681613084585e-09,0.5268800075153576,-0.0001674601057572481,0.4516169603185873,0.0,-9.769874486788729e-08,-9.009579162594923e-09,0.0,0.2833687609523367,0.0
4.61,5.065860107246207e-09,1.4609445775110293e-06,0.0,-2.5222669619949817e-09,0.5156843558988639,-0.00013496073262172283,0.4548583733201782,0.0,-8.48815184018035e-08,-1.1043079673481849e-08,0.0,0.2865512545969724,0.0
4.62,2.5852179150003054e-09,8.999218291236305e-07,0.0,-1.5985074435650203e-09,0.5042202718848218,-8.435380324443429e-05,0.45825107267891935,0.0,-6.346688766150557e-08,-1.167983417226797e-08,0.0,0.2896623336615057,0.0
4.63,4.02934080245808e-10,8.517018469441133e-08,0.0,-7.117049714778957e-10,0.4924979507321425,-1.4846719860199053e-05,0.4617919479545681,0.0,-3.690962489383635e-08,-1.1159516310200712e-08,0.0,0.2927012227998108,0.0
4.64,-1.3530671552339716e-09,-9.622193002205312e-07,0.0,7.440022655179136e-11,0.48058702872754605,7.249282504987938e-05,0.46544593124756534,0.0,-8.777072482693993e-09,-9.772393472343212e-09,0.0,0.2956671646570052,0.0
4.65,-2.6192323841031568e-09,-2.1889906684290274e-06,0.0,7.172649425321219e-10,0.46862466643148065,0.00017421286666393103,0.46914146173950705,0.0,1.749869904337402e-08,-7.823217500856003e-09,0.0,0.2985594200581979,0.0
4.66,-3.3883277576915254e-09,-3.507097533614914e-06,0.0,1.1939372694492858e-09,0.45681874979793247,0.00028411801739742826,0.47276869117853115,0.0,3.883424052052545e-08,-5.601484638881639e-09,0.0,0.3013772681927078,0.0
4.67,-3.6981606018909723e-09,-4.794268329539904e-06,0.0,1.4980644286358958e-09,0.4454446368989549,0.00039315961036425417,0.4761812130635132,0.0,5.2676676065664706e-08,-3.359320912653911e-09,0.0,0.3041200067937045,0.0
4.68,-3.6187437168538685e-09,-5.89853778585021e-06,0.0,1.6361615329073929e-09,0.43483418183546835,0.0004896508946803411,0.47920193193947724,0.0,5.715841726383708e-08,-1.297315983412896e-09,0.0,0.3067869523132278,0.0
4.69,-3.2393553114754853e-09,-6.64729018351414e-06,0.0,1.6237321826221147e-09,0.4253563008985521,0.0005598646560016848,0.48163340934118487,0.0,5.1227506352431115e-08,4.4213559312658357e-10,0.0,0.3093774400925428,0.0
4.7,-2.656649359798488e-09,-6.861008639973996e-06,0.0,1.4817277577885247e-09,0.4173891103254675,0.0005890420180373755,0.48327262804734566,0.0,3.475325195622938e-08,1.774990641449143e-09,0.0,0.3118908245277861,0.0
4.71,-1.964634979597731e-09,-6.371457942274064e-06,0.0,1.233696887691417e-09,0.4112846343449502,0.0005628026706729682,0.48392961868477885,0.0,8.602398827485815e-09,2.67057276780726e-09,0.0,0.314326479230864,0.0
4.72,-1.2470066936261774e-09,-5.0434667452691244e-06,0.0,9.038257586396526e-10,0.40732819911729007,0.0004688998315627353,0.48344882099148306,0.0,-2.5323700741929545e-08,3.1429705133704545e-09,0.0,0.3166837971855618,0.0
4.73,-5.719997349200387e-10,-2.7988548574482867e-06,0.0,5.159183427255389e-10,0.40569580042258213,0.0002992106341639592,0.481731452879666,0.0,-6.410460828399451e-08,3.240336274899372e-09,0.0,0.3189621908988246,0.0
4.74,1.0313308376228748e-11,3.595741874871699e-07,0.0,9.322613566924857e-11,0.4064138333824069,5.1798455193899766e-05,0.4787565987336492,0.0,-1.0388528893812865e-07,3.0334667064306093e-09,0.0,0.3211610925471737,0.0
4.75,4.685642133193562e-10,4.326618163485908e-06,0.0,-3.410797709269494e-10,0.40932644217943914,-0.00026716665852138824,0.4745982856917143,0.0,-1.4004596745877292e-07,2.6048161912846486e-09,0.0,0.3232799541182186,0.0
4.76,7.888789742451202e-10,8.87890310974925e-06,0.0,-7.630871843491258e-10,0.41407620287580266,-0.0006418833908248553,0.4694355876522516,0.0,-1.6747072382992395e-07,2.03881350450223e-09,0.0,0.3253182475472347,0.0
4.77,9.723922379971394e-10,1.3668011490133693e-05,0.0,-1.1473135490877556e-09,0.4201036951952034,-0.0010460670711080805,0.4635528835685031,0.0,-1.80921630222607e-07,1.4140536809430042e-09,0.0,0.3272754648487674,0.0
4.78,1.031973648230484e-09,1.8225656839842553e-05,0.0,-1.4662189070764592e-09,0.42667055203657883,-0.00144304514900112,0.4573279014396476,0.0,-1.7551508461916214e-07,7.976519767622204e-10,0.0,0.3291511182432325,0.0
4.79,9.886193410139472e-10,2.198355691219222e-05,0.0,-1.6903777848658425e-09,0.43290861850984824,-0.001787042930594957,0.4512061955784736,0.0,-1.4728368858604867e-07,2.417968756878909e-10,0.0,0.3309447402784818,0.0
4.8,8.678952842236134e-10,2.4309737676079676e-05,0.0,-1.7895532573448172e-09,0.43789476143566225,-0.0020258346057299708,0.4456623070135618,0.0,-9.379144159515262e-08,-2.1766121838514221e-10,0.0,0.3326558839463013,0.0
4.81,6.967328294897934e-10,2.4561642053697275e-05,0.0,-1.734806814308772e-09,0.4407465557355548,-0.0021048296164904623,0.4411500920496682,0.0,-1.4753559526918291e-08,-5.608926064016166e-10,0.0,0.3342841227938155,0.0
4.82,5.007824863183502e-10,2.2154653014339873e-05,0.0,-1.5016386445480697e-09,0.4407285159652486,-0.0019725237324412967,0.4380475827223922,0.0,8.740331255364448e-08,-7.824356321999968e-10,0.0,0.3358290510297679,0.0
4.83,3.0243949271318394e-10,1.66425574589051e-05,0.0,-1.0739942010818032e-09,0.43735217143684185,-0.0015870737796378825,0.4366050416014465,0.0,2.0711717498356638e-07,-8.886358135908473e-10,0.0,0.3372902836256534,0.0
4.84,1.1957192964620903e-10,7.804220884545704e-06,0.0,-4.488069213505763e-10,0.4304484756227708,-0.0009235656724558757,0.436907362519418,0.0,3.354867378645756e-07,-8.945930228311433e-10,0.0,0.3386674564116746,0.0
4.85,-3.5085873812846614e-11,-4.271482919404777e-06,0.0,3.5941113009639226e-10,0.420192848202494,1.8646934854608965e-05,0.43886103025691914,0.0,4.6037044735314897e-07,-8.209880018597166e-10,0.0,0.3399602261675013,0.0
4.86,-1.5396225532488984e-10,-1.911238262671319e-05,0.0,1.3145519392886327e-09,0.40707483214951623,0.0012093310097580094,0.4422097965675842,0.0,5.66860930485359e-07,-6.910915376752778e-10,0.0,0.3411682707078079,0.0
4.87,-2.342191024758329e-10,-3.5812617744545006e-05,0.0,2.3561783005155237e-09,0.3918210394001451,0.002582420771220777,0.4465745801749778,0.0,6.381855615178736e-07,-5.281794849284125e-10,0.0,0.3422912889625686,0.0
4.88,-2.769991410612038e-10,-5.3016879163534266e-05,0.0,3.398813170103018e-09,0.3752917013958277,0.004033720380331099,0.4515070645938091,0.0,6.570502979227824e-07,-3.534940962966903e-10,0.0,0.3433290010520907,0.0
4.89,-2.864839577956878e-10,-6.895031936209093e-05,0.0,4.333939713814864e-09,0.3583728654377478,0.005422234750096655,0.4565455729342503,0.0,6.073991959020845e-07,-1.8481459483056774e-10,0.0,0.344281148356766,0.0
4.9,-2.6888524353254587e-10,-8.150306048429858e-05,0.0,5.0352590470246925e-09,0.34188134485564203,0.0065759608691017615,0.461264353809782,0.0,4.765081307657006e-07,-3.5633282069757296e-11,0.0,0.3451474935815249,0.0
4.91,-2.3147168280914524e-10,-8.837456243773812e-05,0.0,5.367514557267557e-09,0.3264929943101522,0.007302703677375014,0.465310798468521,0.0,2.572718191557173e-07,8.511874821812536e-11,0.0,0.3459278208149747,0.0
4.92,-1.817091321326013e-10,-8.727787964912523e-05,0.0,5.198858689217057e-09,0.31269911734135875,0.007406079117863055,0.4684280950427456,0.0,-4.951655171182627e-08,1.7288850640324488e-10,0.0,0.3466219355832094,0.0
4.93,-1.265653912529378e-10,-7.619719472585903e-05,0.0,4.416322730644625e-09,0.3007912594499281,0.00670634183333327,0.47046318441980944,0.0,-4.33147336680243e-07,2.269733713270362e-10,0.0,0.347229664898277,0.0
4.94,-7.200561309541539e-11,-5.368432982005691e-05,0.0,2.9434769432687786e-09,0.29087128697756376,0.0050650517416335064,0.47136161862765985,0.0,-8.71531985498517e-07,2.4976781068843107e-10,0.0,0.3477508573012912,0.0
4.95,-2.2682201724711954e-11,-1.917177457114359e-05,0.0,7.588742886507898e-10,0.28288142587484383,0.0024119159335561032,0.4711520751585316,0.0,-1.3306076133856319e-06,2.458982151743128e-10,0.0,0.3481853829001785,0.0
4.96,1.8194791018826282e-11,2.672808801115331e-05,0.0,-2.086595206633562e-09,0.27664771268799687,-0.0012285286361602458,0.4699239128410177,0.0,-1.7649076840027973e-06,2.2134527493435017e-10,0.0,0.3485331334020501,0.0
4.97,4.883360084237076e-11,8.197447544396288e-05,0.0,-5.4556922180803125e-09,0.2719299396391405,-0.005713313201512667,0.46780134618647,0.0,-2.1195488853423715e-06,1.8263340445800517e-10,0.0,0.3487940221401905,0.0
4.98,6.871762562404213e-11,0.00014294160757139397,0.0,-9.116639768288138e-09,0.26847148992063224,-0.010763852006308219,0.46491765207208724,0.0,-2.333794252609264e-06,1.3614405238499076e-10,0.0,0.3489679840956566,0.0
4.99,7.838094924314173e-11,0.0002043960472775178,0.0,-1.2743253677122345e-08,0.2660432930188747,-0.015958658802592188,0.4613923909955774,0.0,-2.346220558695093e-06,8.75868796922986e-11,0.0,0.349054975913482,0.0
5.0,7.913936994414866e-11,0.0002596464133893854,0.0,-1.592562566863809e-08,0.2644773301987829,-0.020739244886895145,0.4573140043157142,0.0,-2.101347359560585e-06,4.1641790182787416e-11,0.0,0.349054975913482,0.0
5.01,7.280988857974916e-11,0.0003008950687844455,0.0,-1.819301383927415e-08,0.26368655348844366,-0.024431847330096373,0.45272940831900643,0.0,-1.5573844578526312e-06,1.7670952685731727e-12,0.0,0.3489679840956566,0.0
5.02,6.144565218414294e-11,0.00031980690045385873,0.0,-1.904967755942207e-08,0.26366963516424335,-0.026286535331058465,0.4476414039663465,0.0,-6.945381815886191e-07,-2.9844459123432666e-11,0.0,0.3487940221401905,0.0
5.03,4.7106285895207345e-11,0.0003082902568240081,0.0,-1.80231492728637e-08,0.2645005458866396,-0.025533671046177202,0.4420139059248041,0.0,4.768954180341458e-07,-5.2189174302996767e-11,0.0,0.3485331334020501,0.0
5.04,3.167623267284065e-11,0.0002594602239770563,0.0,-1.4722914794636911e-08,0.26630448989393035,-0.021455711844582677,0.43578420644583754,0.0,1.909605888198359e-06,-6.528754957880504e-11,0.0,0.3481853829001785,0.0
5.05,1.6736848863162544e-11,0.000168726172570626,0.0,-8.90577141717949e-09,0.269223134470026,-0.013470051083088257,0.4288807650768684,0.0,3.5145943460509285e-06,-6.996423457790312e-11,0.0,0.3477508573012912,0.0
5.06,3.4920824048607217e-12,3.491612424493146e-05,0.0,-5.423896880173362e-10,0.27337328829801805,-0.0012161919376944023,0.4212443898914411,0.0,5.159872750443782e-06,-6.760379098252851e-11,0.0,0.347229664898277,0.0
5.07,-7.257093271714378e-12,-0.0001386770719998726,0.0,1.0121997518645851e-08,0.2788041335931705,0.015361707770054592,0.4128501885220447,0.0,6.673585853661312e-06,-5.99088877064279e-11,0.0,0.3466219355832094,0.0
5.08,-1.5097563550889247e-11,-0.0003434649476622278,0.0,2.2521100517170954e-08,0.28545871446023313,0.03594766919462629,0.40372736142352367,0.0,7.852395763864557e-06,-4.86817673349949e-11,0.0,0.3459278208149747,0.0
5.09,-1.9958202508523066e-11,-0.0005650981074634605,0.0,3.574424985231418e-08,0.29314553214411343,0.059813798320408514,0.3939738347424699,0.0,8.475610147349285e-06,-3.5643430044655334e-11,0.0,0.3451474935815249,0.0
5.1,-2.204376818732623e-11,-0.0007835162131676286,0.0,4.854505558262865e-08,0.30152569178437655,0.08581865673146923,0.3837629395000115,0.0,8.325026504901551e-06,-2.229866450764524e-11,0.0,0.3442811483567661,0.0
5.11,-2.1758629398614522e-11,-0.0009736460593643273,0.0,5.93896704105294e-08,0.31011997802433316,0.11245354174523146,0.37333989218439606,0.0,7.2098229827393595e-06,-9.84934278242891e-12,0.0,0.3433290010520907,0.0
5.12,-1.962915129410373e-11,-0.0011068442278749787,0.0,6.654992411254429e-08,0.31833840921215395,0.1379421589712988,0.36300677011431415,0.0,4.995086323376971e-06,8.46347497172099e-13,0.0,0.3422912889625686,0.0
5.13,-1.6231817395374468e-11,-0.0011531240312164053,0.0,6.824302653427907e-08,0.3255321526600178,0.16039290341221651,0.35309604387869253,0.0,1.6317857103323427e-06,9.27463145945413e-12,0.0,0.3411682707078079,0.0
5.14,-1.2132166696076404e-11,-0.0010841300234853257,0.0,6.281482046255171e-08,0.33106413001191265,0.17799421114479563,0.3439345529483664,0.0,-2.814747050761712e-06,1.5235072223945586e-11,0.0,0.3399602261675012,0.0
5.15,-7.837603624913302e-12,-0.0008767304695020868,0.0,4.8957920244387437e-08,0.33439020057129204,0.18923216372163765,0.3358020905593772,0.0,-8.141393271088298e-06,1.8787092771360648e-11,0.0,0.3386674564116745,0.0
5.16,-3.765277570543737e-12,-0.0005169946999858934,0.0,2.5949874516365866e-08,0.33513781441057217,0.19309659464378398,0.32889132920706254,0.0,-1.3992835559009666e-05,2.018362649639156e-11,0.0,0.3372902836256534,0.0
5.17,-2.246564482238946e-13,-4.216865252148334e-06,0.0,-6.109718245224696e-09,0.3331652706786114,0.18923214028050694,0.32327774346284616,0.0,-1.9860175755088478e-05,1.9800728635426995e-11,0.0,0.3358290510297679,0.0
5.18,2.5867880382585107e-12,0.0006454486249776498,0.0,-4.6089748381767156e-08,0.32858601493042966,0.17799416422195488,0.3189075043515108,0.0,-2.5096231064203075e-05,1.807067310138872e-11,0.0,0.3342841227938155,0.0
5.19,4.577178858576647e-12,0.0013962486253590435,0.0,-9.167646151753313e-08,0.32175122132885703,0.16039283316005737,0.3156067616998872,0.0,-2.8950284006876623e-05,1.5424368490993388e-11,0.0,0.3326558839463013,0.0
5.2,5.745942686874278e-12,0.0021915359237561875,0.0,-1.3931307838143994e-07,0.31319654669698554,0.13794206616955654,0.31310920177449736,0.0,-3.0623646780847916e-05,1.2247059069369444e-11,0.0,0.3309447402784818,0.0
5.21,6.164549079382428e-12,0.0029544505227257485,0.0,-1.842612155823096e-07,0.30356781098748437,0.1124534283730966,0.3110941938921235,0.0,-2.9345455058657505e-05,8.849405734990573e-12,0.0,0.3291511182432325,0.0
5.22,5.95501693163415e-12,0.003591036096609789,0.0,-2.2080996058337993e-07,0.29354176872002663,0.08581852658872417,0.30922712492096677,0.0,-2.4465703862529517e-05,5.454304540496456e-12,0.0,0.3272754648487674,0.0
5.23,5.2685418966072775e-12,0.003996104882537918,0.0,-2.426489963985585e-07,0.28375454742078804,0.059813657590266675,0.30719539607980734,0.0,-1.5559823166766973e-05,2.1982932344774026e-12,0.0,0.3253182475472347,0.0
5.24,4.266090064381544e-12,0.004061946006437536,0.0,-2.4340835685854137e-07,0.27474555626794633,0.03594752683152676,0.30473605315147795,0.0,-2.536280893371135e-06,-8.54819700255128e-13,0.0,0.3232799541182186,0.0
5.25,3.1022408169405062e-12,0.0036896859473288346,0.0,-2.1734958666288e-07,0.26692050165011183,0.015361575597328543,0.3016532136867216,0.0,1.4263917464557204e-05,-3.691363216709201e-12,0.0,0.3211610925471737,0.0
5.26,1.913006028408172e-12,0.002802769343937282,0.0,-1.6017218789450216e-07,0.26053391086566297,-0.0012162995211536674,0.29782517305645556,0.0,3.398904807162656e-05,-6.320073120908024e-12,0.0,0.3189621908988247,0.0
5.27,8.078509218773197e-13,0.0013616572746118797,0.0,-6.987674787745421e-08,0.2556892448304732,-0.013470117860447972,0.2932023198658752,0.0,5.523419859289386e-05,-8.743288327464363e-12,0.0,0.3166837971855618,0.0
5.28,-1.342735486447568e-13,-0.0006215280895492381,0.0,5.239586905773985e-08,0.2523532075809637,-0.021455721035465135,0.2877978003368211,0.0,7.604879385601771e-05,-1.0931073995759771e-11,0.0,0.314326479230864,0.0
5.29,-8.653878615527468e-13,-0.0030700068406628827,0.0,2.016488502204373e-07,0.25038012642919694,-0.0255336070375197,0.2816732905640001,0.0,9.400668069586372e-05,-1.2801918663431723e-11,0.0,0.311890824527786,0.0
5.3,-1.3661330275793593e-12,-0.005832816988861278,0.0,3.6854986691896906e-07,0.2495421470078954,-0.026286385802036447,0.27492232790070953,0.0,0.00010634775588566509,-1.4213033800859762e-11,0.0,0.3093774400925429,0.0
5.31,-1.6414112832441785e-12,-0.008680672228785864,0.0,5.393041810758351e-07,0.24956131447310564,-0.02443160562147804,0.26765348745109074,0.0,0.00011019458285031608,-1.4962423608119804e-11,0.0,0.306786952313228,0.0
5.32,-1.7148247387196187e-12,-0.011309004237846185,0.0,6.959891122954294e-07,0.2501402481537368,-0.0207389123985374,0.25997533665256056,0.0,0.00010284003507570984,-1.4803819100701902e-11,0.0,0.3041200067937045,0.0
5.33,-1.6226530499473717e-12,-0.013349651763972941,0.0,8.174364866177503e-07,0.2509889250701304,-0.015958247143778876,0.2519846260515355,0.0,8.209304742909318e-05,-1.3474321484157107e-11,0.0,0.3013772681927078,0.0
5.34,-1.4079948394225692e-12,-0.014392061632003326,0.0,8.807120884924096e-07,0.25184594997981036,-0.010763384580367163,0.24375863613323642,0.0,4.665962965681885e-05,-1.0733227627926621e-11,0.0,0.2985594200581979,0.0
5.35,-1.1155511700079277e-12,-0.014014011388308822,0.0,8.631880103205802e-07,0.2524935119798347,-0.005712825887165606,0.2353520479825556,0.0,-3.47375916172756e-06,-6.409086212533158e-12,0.0,0.2956671646570052,0.0
5.36,-7.873720554061595e-13,-0.01182077795811964,0.0,7.451368722111527e-07,0.2527659425815066,-0.0012280692415490696,0.22679817981895228,0.0,-6.669647848250455e-05,-4.5065016172305405e-13,0.0,0.2927012227998109,0.0
5.37,-4.597348413504497e-13,-0.007490424929439692,0.0,5.126998975833683e-07,0.2525523560577775,0.0024122897153977135,0.21811396370588895,0.0,-0.00013951850168096813,7.0238345704726715e-12,0.0,0.2896623336615057,0.0
5.38,-1.6118853240150213e-13,-0.0008215649697721712,0.0,1.6099962480330655e-07,0.25179425201550804,0.005065276050496763,0.20930765159291062,0.0,-0.00021645592530795236,1.5685495965797588e-11,0.0,0.2865512545969724,0.0
5.39,8.83111172895215e-14,0.008221285582846793,0.0,-3.0290950534136556e-07,0.2504791947968542,0.006706352066141162,0.20038795672784387,0.0,-0.00029010777001101134,2.4968841215403255e-11,0.0,0.2833687609523366,0.0
5.4,2.773305204401773e-13,0.01947062918189829,0.0,-8.576237306514596e-07,0.24863177192886382,0.007405816910872534,0.19137317139347496,0.0,-0.0003514669908570283,3.406778275981807e-11,0.0,0.2801156458717347,0.0
5.41,4.021551864935732e-13,0.03253358435608458,0.0,-1.4659170970297333e-06,0.24630300202179384,0.007302125083858591,0.18229876886133292,0.0,-0.00039049412499835164,4.195974400137098e-11,0.0,0.2767927200996451,0.0
5.42,4.654796647402899e-13,0.04679040582647072,0.0,-2.0746300023084083e-06,0.24355924405455084,0.006575045139917996,0.17322210908597246,0.0,-0.00039696045342377294,4.746225938905777e-11,0.0,0.2734008117788343,0.0
5.43,4.748123889194726e-13,0.06141912676650412,0.0,-2.616296699429931e-06,0.24047148842047494,0.005420992898956614,0.16422313527950427,0.0,-0.0003615394269801201,4.932397902543387e-11,0.0,0.2699407662439662,0.0
5.44,4.4079546258103927e-13,0.07544937323856724,0.0,-3.0127975236281827e-06,0.23710571609175482,0.00403220252067381,0.15540038117885488,0.0,-0.0002770917457265846,4.634866247233818e-11,0.0,0.2664134458109268,0.0
5.45,3.7560470740388916e-13,0.08784498915213543,0.0,-3.181173486326064e-06,0.233514820889834,0.002580721077157094,0.14686221191457877,0.0,-0.00014005315891405198,3.754673731948759e-11,0.0,0.2628197295619173,0.0
5.46,2.915534615702415e-13,0.09761033436974831,0.0,-3.0415377467445283e-06,0.22973241901577138,0.0012075891105344774,0.1387139947215812,0.0,4.820202720518668e-05,2.230455331691323e-11,0.0,0.2591605131263681,0.0
5.47,1.9997981525318518e-13,0.103908955115834,0.0,-2.526768126803622e-06,0.22576872976277737,1.7044629914950396e-05,0.13104283169433337,0.0,0.00028018056393037846,5.569449456015642e-13,0.0,0.2554367084577291,0.0
5.48,1.104554369932133e-13,0.10617624997927937,0.0,-1.5933824047516278e-06,0.2216086041593791,-0.0009248132688248061,0.12390251446419609,0.0,0.0005414547730533368,-2.7055407020197152e-11,0.0,0.2516492436061921,0.0
5.49,3.031801407952797e-14,0.10420238100368569,0.0,-2.327063573584842e-07,0.21721169981341673,-0.0015877331748942404,0.11730212741892757,0.0,0.0008104029705149272,-5.906549864553783e-11,0.0,0.2477990624874013,0.0
5.5,-3.549939909372445e-14,0.09816357384092952,0.0,1.5188266923704895e-06,0.21251474079573915,-0.001972364045736162,0.11120148912610439,0.0,0.001058687754075091,-9.311972261885229e-11,0.0,0.2438871246472093,0.0
5.51,-8.438922880405521e-14,0.08859270974864433,0.0,3.571621101137341e-06,0.20743574900948364,-0.0021036489142112666,0.10551490316570707,0.0,0.001252623003303108,-1.2600058958729516e-10,0.0,0.2399144050225382,0.0
5.52,-1.1579958946051379e-13,0.07629838562348322,0.0,5.778605099777045e-06,0.2018800772405677,-0.002023490091384857,0.10012220531791154,0.0,0.001355525020784394,-1.537521004935954e-10,0.0,0.2358818936984057,0.0
5.53,-1.3083745237262152e-13,0.062254350655434804,0.0,7.936140115474705e-06,0.19574800587993155,-0.0017834826698598795,0.09488432151168787,0.0,0.0013310633790295117,-1.7192125643813928e-10,0.0,0.2317905956611737,0.0
5.54,-1.3180641735216097e-13,0.04748307305984112,0.0,9.791453017758348e-06,0.18894357989368077,-0.0014383382183548897,0.08966020928099704,0.0,0.0011475253282875394,-1.7591989867280106e-10,0.0,0.2276415305480861,0.0
5.55,-1.2173388290409705e-13,0.03295174996466905,0.0,1.1057515481467408e-05,0.1813842586235499,-0.0010404283590700757,0.08432267387310102,0.0,0.0007827898426331217,-1.6149883588839859e-10,0.0,0.2234357323931527,0.0
5.56,-1.0393228570730743e-13,0.01949192295022482,0.0,1.1435715675339837e-05,0.17301083315686733,-0.0006356888632224354,0.07877139635001786,0.0,0.00022968269420285697,-1.253116048722925e-10,0.0,0.2191742493694471,0.0
5.57,-8.162721469508092e-14,0.007747626249726619,0.0,1.0645894833200672e-05,0.16379694625832614,-0.00026095483463620925,0.07294224637542958,0.0,-0.000498735234252828,-6.552920484395369e-11,0.0,0.2148581435278796,0.0
5.58,-5.76729509870877e-14,-0.00184783842712478,0.0,8.462388765728117e-06,0.1537574466314163,5.734267849243221e-05,0.06681252322826577,0.0,-0.0013644927196662733,1.7548855779638105e-11,0.0,0.2104884905325114,0.0
5.59,-3.4364430193003203e-14,-0.009069848716826935,0.0,4.753682661150881e-06,0.14295474567137986,0.00030329274944047147,0.06040218731560551,0.0,-0.0023012533987408356,1.2095608479607963e-10,0.0,0.2060663793924776,0.0
5.6,-1.3344557307192172e-14,-0.013880620439456266,0.0,-4.777554805638497e-07,0.13150234610309275,0.0004706745203625263,0.053771432660579335,0.0,-0.003212695196110662,2.3867238059123434e-10,0.0,0.2015929121905823,0.0
5.61,4.402282866745374e-15,-0.016394064285675133,0.0,-7.059838978100017e-06,0.11956480193255577,0.0005614540174796158,0.04701513601147328,0.0,-0.003973274362146777,3.6147291420036145e-10,0.0,0.1970692038086371,0.0
5.62,1.8485564761701714e-14,-0.016833872455084744,0.0,-1.4624508700925158e-05,0.10735356654040049,0.0005838819772999976,0.04025482992835771,0.0,-0.004431780100397028,4.770924524129778e-10,0.0,0.1924963816496091,0.0
5.63,2.899154676257569e-14,-0.015490686592987846,0.0,-2.2596079874251126e-05,0.09511849893674153,0.0005504437364966004,0.033628913114291656,0.0,-0.004417856130204858,5.707714623211499e-10,0.0,0.1878755853566477,0.0
5.64,3.6334180190043666e-14,-0.012683019924218886,0.0,-3.0199529926941633e-05,0.08313522044355323,0.0004758720501751464,0.027281853326179748,0.0,-0.0037513560872847185,6.262257395356093e-10,0.0,0.1832079665290631,0.0
5.65,4.1094308338529856e-14,-0.008725152150064083,0.0,-3.64931603014934e-05,0.07168901848930569,0.0003753835525795052,0.021353169383206198,0.0,-0.0022540281991772484,6.270454773440164e-10,0.0,0.1784946884353219,0.0
5.66,4.3865937613991e-14,-0.0039036887559746264,0.0,-4.042854872796672e-05,0.061056529196685874,0.00026324595871138676,0.0159670004937351,0.0,0.00023737635756856436,5.584836073404721e-10,0.0,0.1737369257231377,0.0
5.67,4.512573803959013e-14,0.001536945452389657,0.0,-4.0938461221024684e-05,0.05148691597625452,0.0001517314524449942,0.0112230715603241,0.0,0.0038578588058967678,4.0953925631533495e-10,0.0,0.1689358641267233,0.0
5.68,4.5138508102467006e-14,0.007400976935627443,0.0,-3.7050468183996555e-05,0.04318458624190539,5.046612518298578e-05,0.00718981642571169,0.0,0.008702375855775548,1.7518415284903682e-10,0.0,0.1640927001712813,0.0
5.69,4.390737871369039e-14,0.013541414315654966,0.0,-2.8020549056789535e-05,0.036295515855774084,-3.385147189445548e-05,0.0039002888889674027,0.0,0.014817203359049026,-1.41476860620664e-10,0.0,0.1592086408748048,0.0
5.7,4.1173245087448253e-14,0.019855892509718674,0.0,-1.3477214949109515e-05,0.030898863826382243,-9.741625096083399e-05,0.0013512381897952677,0.0,0.022196038859931433,-5.273687496385714e-10,0.0,0.1542849034472631,0.0
5.71,3.646347668469689e-14,0.026280209382663764,0.0,6.437034425428232e-06,0.027004768534170488,-0.00013903688686115934,-0.0004946436623130225,0.0,0.030781937778260663,-9.582233492132845e-10,0.0,0.1493227149872479,0.0
5.72,2.918551511494023e-14,0.03278114899617128,0.0,3.0943352139937535e-05,0.024558239587311573,-0.00015968711920172617,-0.0017037058182273748,0.0,0.04047533234029946,-1.3982710615415873e-09,0.0,0.1443233121761542,0.0
5.73,1.8756678889933127e-14,0.03934967315028391,0.0,5.8542017522497785e-05,0.02344821960101255,-0.0001619632575984213,-0.0023642927738805547,0.0,0.05114731456865538,-1.8011267453639088e-09,0.0,0.1392879409699733,0.0
5.74,4.757524512457473e-15,0.045995072565639235,0.0,8.698532120000817e-05,0.023520382377309773,-0.0001495153576122282,-0.0025785863174408513,0.0,0.06265636261471834,-2.1120917607059907e-09,0.0,0.1342178562887749,0.0
5.75,-1.2907323347314545e-14,0.05274025870030243,0.0,0.00011332635015838476,0.024592029581897983,-0.00012650750414422768,-0.002454263437438489,0.0,0.07486604522152181,-2.2719964534686013e-09,0.0,0.1291143217039541,0.0
5.76,-3.385960540502086e-14,0.05961804960811434,0.0,0.00013405873877387454,0.026467430395474608,-9.714827291217532e-05,-0.00209678075150819,0.0,0.08766108322095127,-2.222569688356996e-09,0.0,0.1239786091233235,0.0
5.77,-5.71294096599343e-14,0.06666806252866163,0.0,0.00014535645732755435,0.028952063231390438,-6.531749395796637e-05,-0.00160290136129996,0.0,0.10095942520604455,-1.9131489215239995e-09,0.0,0.118811998474127,0.0
5.78,-8.10891147451453e-14,0.07393368848882963,0.0,0.00014341412495165744,0.03186447267450335,-3.430135193641071e-05,-0.0010558530339736566,0.0,0.11471856717675395,-1.308345457947998e-09,0.0,0.1136157773840546,0.0
5.79,-1.034580882233992e-13,0.08145860234847248,0.0,0.00012487742536177596,0.035044838146848556,-6.635688666168938e-06,-0.0005222817617852094,0.0,0.12893507817908317,-3.9607013624689913e-10,0.0,0.1083912408603389,0.0
5.8,-1.2139329034467496e-13,0.08928235470671231,0.0,8.734056834513719e-05,0.038359803889506716,1.5952202746417205e-05,-5.0966516391888403e-05,0.0,0.1436370793375295,8.048748595633979e-10,0.0,0.1031396909670125,0.0
5.81,-1.3167509650781354e-13,0.09743478512683496,0.0,2.987432882298474e-05,0.04170357044751062,3.251967928289743e-05,0.00032689547367025797,0.0,0.1588701908704931,2.238597249338193e-09,0.0,0.097862436500406,0.0
5.82,-1.3098961312954802e-13,0.10592926087055365,0.0,-4.646469756877536e-05,0.04499565229137408,4.2822918775873054e-05,0.0005961313301888971,0.0,0.17467818010894268,3.808370786298027e-09,0.0,0.0925607926629685,0.0
5.83,-1.1629873653021307e-13,0.11475504769166377,0.0,-0.0001382037729826725,0.048176039630233314,4.719049198752086e-05,0.000755120023427143,0.0,0.19108018989976028,5.3764203683715015e-09,0.0,0.0872360807354915,0.0
5.84,-8.527767685141742e-14,0.12386942830137118,0.0,-0.00023916968949339861,0.05119873109508299,4.637663476587426e-05,0.0008127758049627733,0.0,0.20804694509174024,6.7682065688250825e-09,0.0,0.0818896277478181,0.0
5.85,-3.6787421100297344e-14,0.1331904679050379,0.0,-0.0003404187006416245,0.054024698996184894,4.14118357086855e-05,0.0007853359796927373,0.0,0.2254786590750039,7.78194082064743e-09,0.0,0.0765227661481197,0.0
5.86,2.86622774462061e-14,0.14259154217947795,0.0,-0.00043044280780275997,0.05661532011172557,3.3464599076376685e-05,0.0006932517646740679,0.0,0.24318746829608687,8.203677946806263e-09,0.0,0.0711368334708214,0.0
5.87,1.0851397578563297e-13,0.15189884091630826,0.0,-0.0004956996542808319,0.058927197741807075,2.3723973365374422e-05,0.0005584144243747707,0.0,0.2608871286747302,7.827806552183642e-09,0.0,0.065733172003261,0.0
5.88,1.978892124935327e-13,0.16089300074360188,0.0,-0.0005214891004296291,0.06090914770663652,1.3308149855960337e-05,0.00040187493947039117,0.0,0.27819241058108257,6.482110405535368e-09,0.0,0.0603131284511621,0.0
5.89,2.895043897501059e-13,0.16931579140889108,0.0,-0.0004931662555298384,0.06250190086907541,3.200538641237546e-06,0.00024214234681866058,0.0,0.29463004924298575,4.0558446983227434e-09,0.0,0.0548780536030072,0.0
5.9,3.7383520335979783e-13,0.17688239030239758,0.0,-0.0003976396578191666,0.0636407493114343,-5.7884785722972945e-06,9.407997085039562e-05,0.0,0.3096621546993756,5.285189726809572e-10,0.0,0.0494293019933934,0.0
5.91,4.3957708159144244e-13,0.18329923405336374,0.0,-0.00022505703865783184,0.06426095777897395,-1.303825125914147e-05,-3.1635550877839436e-05,0.0,0.322721689871963,-4.00361907298957e-09,0.0,0.043968231565453,0.0
5.92,4.744288884594278e-13,0.18828674122420583,0.0,2.9466334742889625e-05,0.0643053625233574,-1.8118524776733365e-05,-0.00012856782740480253,0.0,0.333258140188586,-9.306955701504095e-09,0.0,0.0384962033324266,0.0
5.93,4.661986020468124e-13,0.19160539822960848,0.0,0.00036426504986128243,0.06373325023037586,-2.0780004037464584e-05,-0.00019418781350457362,0.0,0.34078997762722074,-1.4999599926537097e-08,0.0,0.0330145810384689,0.0
5.94,4.0419370047697694e-13,0.193082881065956,0.0,0.0007699076722743963,0.06252936163770154,-2.0940335539447555e-05,-0.00022926704665543091,0.0,0.34495907917496277,-2.055400659887465e-08,0.0,0.027524730818776,0.0
5.95,2.8081755068024045e-13,0.19263916995274916,0.0,0.0012285833569400074,0.06071170090502953,-1.8669918451645667e-05,-0.0002371091842809705,0.0,0.3455810384791196,-2.5316472907721112e-08,0.0,0.0220280208591157,0.0
5.96,9.324930809937072e-14,0.19030614317680722,0.0,0.0017143158684803904,0.05833677998988919,-1.4180357510223e-05,-0.00022272201976975223,0.0,0.3426845340650551,-2.8545869866690164e-08,0.0,0.0165258210548467,0.0
5.97,-1.5495709309780597e-13,0.18623806761793152,0.0,0.0021941861348208614,0.055501031271435054,-7.816511601493968e-06,-0.0001920154698286544,0.0,0.3365328764909674,-2.9472468426325755e-08,0.0,0.0110195026695125,0.0
5.98,-4.5255421512576044e-13,0.18070990794188305,0.0,0.0026306613352111903,0.052337428914102105,-5.121006750363108e-08,-0.00015109047956278395,0.0,0.3276218739216144,-2.737571963013938e-08,0.0,0.0055104379930925,0.0
5.99,-7.797842142690417e-13,0.17410163176225238,0.0,0.0029850014874152823,0.0490069149797204,8.519964044469527e-06,-0.00010566197290172263,0.0,0.3166505688719042,-2.167743810560242e-08,0.0,4.2748237638262e-17,0.0
6.0,-1.1082889137348953e-12,0.16686881909466403,0.0,0.0032215414693342282,0.04568505584097741,1.718767698667204e-05,-6.063804337773026e-05,0.0,0.30446545135389025,-1.2044175767534441e-08,0.0,2.1374118819131e-17,0.0
6.01,-1.4019516069932343e-12,0.15950270936968736,0.0,0.003312428409689573,0.04254539478247199,2.514614175058209e-05,-1.985916388920715e-05,0.0,0.29198412165309295,1.5101141945183944e-09,0.0,-0.0027552189965462,0.0
6.02,-1.618826785242781e-12,0.15248549392007968,0.0,0.003242148721566319,0.03974195710324284,3.152314588858655e-05,1.4013636821103022e-05,0.0,0.2801094997911269,1.8532442437562036e-08,0.0,-0.0055097513347562,0.0
6.03,-1.7142350892048121e-12,0.14624789937336394,0.0,0.0030109906578383297,0.037393858968694065,3.542637573463525e-05,3.9483396320782996e-05,0.0,0.26964813673482696,3.806330890385747e-08,0.0,-0.0082629105274234,0.0
6.04,-1.6449921767076426e-12,0.14113522677703866,0.0,0.0026366349736065176,0.03557460651395002,3.600793492738669e-05,5.610293825113034e-05,0.0,0.2612446141589506,5.860735982459995e-08,0.0,-0.0110140104295578,0.0
6.05,-1.3746059529653106e-12,0.13738561708026645,0.0,0.002153464212375879,0.03430751262681102,3.254656686897815e-05,6.429265843109109e-05,0.0,0.2553394639681962,7.815566187953208e-08,0.0,-0.0137623654093879,0.0
6.06,-8.791247494622986e-13,0.13512163900170224,0.0,0.0016097655985152163,0.033567242701854155,2.4544144010444995e-05,6.512073776892316e-05,0.0,0.2521528370071322,9.427096607381926e-08,0.0,-0.0165072905192344,0.0
6.07,-1.5316168648124048e-13,0.13435416902661682,0.0,0.0010634291546541656,0.033286434682039165,1.1829727267800778e-05,6.007300420171462e-05,0.0,0.25169199404453235,1.0424339155688598e-07,0.0,-0.0192481016662132,0.0
6.08,7.845263967734764e-13,0.13499616240692625,0.0,0.0005768448736627648,0.03336585605078163,-5.338750177850384e-06,5.083480835920978e-05,0.0,0.25377804928069386,1.0531813494611566e-07,0.0,-0.0219841157827265,0.0
6.09,1.886644297548464e-12,0.1368832230601725,0.0,0.00021159280849775895,0.033686510505719545,-2.618797198416421e-05,3.9101490192784e-05,0.0,0.25808608422221657,9.498924545869221e-08,0.0,-0.0247146509966966,0.0
6.1,3.0749536113984366e-12,0.1397977387291636,0.0,2.3369668653681024e-05,0.034122259472188485,-4.9372724677484884e-05,2.6427999964834623e-05,0.0,0.26419245419394577,7.134457327322703e-08,0.0,-0.0274390268015035,0.0
6.11,4.240658356852871e-12,0.14349361588811121,0.0,5.748167637293852e-05,0.034551749487726297,-7.296497175768845e-05,1.4122571155396385e-05,0.0,0.27162354322348836,3.343732288559006e-08,0.0,-0.030156564225581,0.0
6.12,5.248286675447704e-12,0.1477191882618406,0.0,0.0003451628766691141,0.03486868495989165,-9.45032141091152e-05,3.1844473631043235e-06,0.0,0.2799011345145592,-1.8349900300225743e-08,0.0,-0.0328665860016304,0.0
6.13,5.94357535883236e-12,0.1522365553738141,0.0,0.000900939087648277,0.03498973555907671,-0.0001111139650933336,-5.718194306370826e-06,0.0,0.28858074441477494,-8.199097837676675e-08,0.0,-0.0355684167354107,0.0
6.14,6.165555505095858e-12,0.15683631877999968,0.0,0.0017212332971173498,0.0348596180751561,-0.00011971214194813365,-1.223668588655944e-05,0.0,0.29728056428401317,-1.5360036959424453e-07,0.0,-0.0382613830740598,0.0
6.15,5.762624413858374e-12,0.1613473306670576,0.0,0.00278437740535135,0.034453154507125515,-0.00011728000153049263,-1.63047976992774e-05,0.0,0.30569995497964414,-2.273657070649507e-07,0.0,-0.040944813873909,0.0
6.16,4.6118886672964796e-12,0.16564159626908534,0.0,0.0040521337228728764,0.03377437956401813,-0.000101215175059797,-1.8084791671163363e-05,0.0,0.3136276311054884,-2.956762250760261e-07,0.0,-0.0436180403677457,0.0
6.17,2.64050840763157e-12,0.16963486261822286,0.0,0.005472712159618061,0.03285303219923519,-6.972790139869479e-05,-1.79048878561408e-05,0.0,0.3209406401582579,-3.4948528277284205e-07,0.0,-0.0462803963314842,0.0
6.18,-1.527899769977329e-13,0.1732836863509473,0.0,0.006985070549224061,0.03173900737679154,-2.2256524456856966e-05,-1.6195432462816548e-05,0.0,0.3275959162960669,-3.789295317354632e-07,0.0,-0.048931218250203,0.0
6.19,-3.678375838218169e-12,0.17657990793053258,0.0,0.008524002014266174,0.030495572409838665,4.014021817055879e-05,-1.342962841442183e-05,0.0,0.33361657680600854,-3.7420483024684996e-07,0.0,-0.0515698454835062,0.0
6.2,-7.741281056888453e-12,0.17954348100796322,0.0,0.010025239099857546,0.029192319897238802,0.00011446433217788393,-1.0073050862377225e-05,0.0,0.3390752586888066,-3.2667053178785093e-07,0.0,-0.0541956204301694,0.0
6.21,-1.2034589556783602e-11,0.18221454650812186,0.0,0.01142977161301045,0.02789878449190999,0.00019558885551277627,-6.544508305370435e-06,0.0,0.34407665111176533,-2.3012081182206348e-07,0.0,-0.0568078886920272,0.0
6.22,-1.6143481691323885e-11,0.1846455373104469,0.0,0.012686926582048643,0.02667929944328007,0.0002762538418213067,-3.1892754273609415e-06,0.0,0.3487409763745405,-8.212670081188427e-08,0.0,-0.0594059992370635,0.0
6.23,-1.9562342465528657e-11,0.18689395916667204,0.0,0.013756246414706413,0.02558920590468627,0.0003472993821640661,-2.644239014279381e-07,0.0,0.35318964316428525,1.1468119749524359e-07,0.0,-0.0619893045616618,0.0
6.24,-2.17265384283867e-11,0.18901631076043657,0.0,0.014608418937636373,0.024672270997396346,0.00039817479491051876,2.065023618256437e-06,0.0,0.3575338252149345,3.5154761455078807e-07,0.0,-0.064557160851977,0.0
6.25,-2.2059270093292326e-11,0.1910634045381152,0.0,0.015225467396292242,0.02395913556291361,0.0004177434025523359,3.7210688424353043e-06,0.0,0.3618663431520382,6.129217689668509e-07,0.0,-0.0671089281443874,0.0
6.26,-2.0032342266208534e-11,0.19307717507677663,0.0,0.015600427496876521,0.02346656607838159,0.00039537533455122494,4.701158564039223e-06,0.0,0.36625686715380373,8.763609861699766e-07,0.0,-0.0696439704849867,0.0
6.27,-1.5237839056086242e-11,0.19508892573058323,0.0,0.015736824519884816,0.02319720786147693,0.0003222876523707608,5.062450680049609e-06,0.0,0.370750133543766,1.1131735775972685e-06,0.0,-0.072161656088077,0.0
6.28,-7.465671520090442e-12,0.1971188489822271,0.0,0.01564811263368929,0.023139631038992737,0.00019305387999102975,4.904181530905119e-06,0.0,0.3753666937169083,1.2899279052012318e-06,0.0,-0.0746613574936239,0.0
6.29,3.2200358032097343e-12,0.19917656653067228,0.0,0.015356888057082733,0.02326871194282334,7.166853717794843e-06,4.350079607639839e-06,0.0,0.3801056783262796,1.3708924435187989e-06,0.0,-0.0771424517236315,0.0
6.3,1.6414510985021195e-11,0.2012624002247324,0.0,0.01489351815126014,0.02354654846869804,-0.00022949626304159172,3.5323552190196013e-06,0.0,0.38494903135697983,1.3213856822430647e-06,0.0,-0.0796043204374023,0.0
6.31,3.132589819685057e-11,0.20336910485944554,0.0,0.01429396396378686,0.023924074415466054,-0.0005034851214205417,2.578334224852351e-06,0.0,0.3898666065005725,1.1119080321176084e-06,0.0,-0.0820463500856406,0.0
6.32,4.675933768079338e-11,0.20548383847885643,0.0,0.013596855696962505,0.024343414729381462,-0.0007930558753996663,1.6003465590780452e-06,0.0,0.3948214856132515,7.228067938291697e-07,0.0,-0.0844679320633616,0.0
6.33,6.11415150326384e-11,0.20759019461285474,0.0,0.012840232622222161,0.02474086063853812,-0.0010681076709813317,6.890661580938754e-07,0.0,0.3997749019086906,1.490992988877526e-07,0.0,-0.0868684628615689,0.0
6.34,7.259380958391491e-11,0.2096701641572172,0.0,0.012058647342759837,0.025050196415028217,-0.0012909374519200884,-8.984482461497366e-08,0.0,0.40469023881947563,-5.950387847380288e-07,0.0,-0.0892473442176609,0.0
6.35,7.90589570953858e-11,0.2117059172626258,0.0,0.011281230422707499,0.02520613809467222,-0.0014179222887010785,-6.961927885227416e-07,0.0,0.4095357839879456,-1.4727080573458942e-06,0.0,-0.0916039832645315,0.0
6.36,7.848151948945323e-11,0.2136812980390396,0.0,0.010530773517650725,0.025147871645342938,-0.0014021597947672668,-1.1133837803817493e-06,0.0,0.4142862276690446,-2.4222862613995494e-06,0.0,-0.0939377926783239,0.0
6.37,6.903655947234653e-11,0.2155829407132552,0.0,0.009823437004424762,0.02482283861959653,-0.0011969944254259842,-1.344884573682911e-06,0.0,0.41892313256583463,-3.3576374748638025e-06,0.0,-0.0962481908248045,0.0
6.38,4.939406375402338e-11,0.21740097447857948,0.0,0.009168813554887384,0.02419076046350634,-0.0007602364189004983,-1.4096768932675237e-06,0.0,0.423434614616552,-4.171098739799714e-06,0.0,-0.0985346019043185,0.0
6.39,1.899934877271159e-11,0.2191293637834337,0.0,0.008570589287608737,0.023227518296364765,-5.8750851667310756e-05,-1.3373157870164313e-06,0.0,0.4278143345739012,-4.739657567561187e-06,0.0,-0.1007964560952911,0.0
6.4,-2.165739335134301e-11,0.22076597654419217,0.0,0.008028297491360432,0.021928244968831338,0.0009270288376902133,-1.1631085123334115e-06,0.0,0.43205982929887815,-4.934490438007285e-06,0.0,-0.1030331896962388,0.0
6.41,-7.08152452450092e-11,0.2223124583373511,0.0,0.007540321448783165,0.0203090274231094,0.0021992067152787624,-9.238104623277701e-07,0.0,0.4361703241406884,-4.63370494164939e-06,0.0,-0.1052442452662556,0.0
6.42,-1.2529720455046565e-10,0.22377393671064075,0.0,0.007107582797075975,0.018406884993050366,0.0037397442136615877,-6.541054298948351e-07,0.0,0.4401443917430745,-3.7377303878328325e-06,0.0,-0.1074290717639397,0.0
6.43,-1.8048304105149103e-10,0.2251585265492119,0.0,0.006736706543406424,0.01627800325354095,0.005509566384158179,-3.840121995307263e-07,0.0,0.44397800621199357,-2.186358816245428e-06,0.0,-0.1095871246847235,0.0
6.44,-2.304350933804301e-10,0.2264765936131014,0.0,0.006441353657679331,0.013994395969596994,0.007449904675947311,-1.372482157380915e-07,0.0,0.44766353454836855,2.4012510026961804e-08,0.0,-0.1117178661965763,0.0
6.45,-2.682040631381809e-10,0.2277397784704861,0.0,0.0062410805244758685,0.011639178161336125,0.00948607700905611,6.950932250081381e-08,0.0,0.4511899402041142,2.82479696245446e-06,0.0,-0.113820765274043,0.0
6.46,-2.8632913957752415e-10,0.22895986452190212,0.0,0.006158155691766154,0.009300616435550454,0.011533513017508294,2.2659062980302815e-07,0.0,0.4545440621854398,6.063467208053713e-06,0.0,-0.1158952978305868,0.0
6.47,-2.775290589643949e-10,0.23014763998471177,0.0,0.0062135121188272606,0.007065314248946195,0.013505335851871678,3.306954859786807e-07,0.0,0.45771251206048646,9.49796868478594e-06,0.0,-0.1179409468492028,0.0
6.48,-2.3555859520962066e-10,0.23131191930866055,0.0,0.006423069673534589,0.005011268217704959,0.01532037138926985,3.8383479910461144e-07,0.0,0.4606836393652067,1.2799570766102102e-05,0.0,-0.1199572025112691,0.0
6.49,-1.5617977217798047e-10,0.2324588529297955,0.0,0.006795223589938611,0.00320178593205706,0.0169103085886505,3.920337579380705e-07,0.0,0.4634491259217795,1.5566101078067892e-05,0.0,-0.1219435623236046,0.0
6.5,-3.817075034197618e-11,0.2335915805446376,0.0,0.0073296821545799215,0.0016811482086202564,0.01822500531842811,3.639609506275355e-07,0.0,0.4660049971028056,1.7346877112238058e-05,0.0,-0.1238995312437006,0.0
6.51,1.157295084758812e-10,0.23471019306782098,0.0,0.00801721870187024,0.0004725025490329054,0.01923550134401476,3.0961931632492925e-07,0.0,0.46835211159490026,1.7679702591664557e-05,0.0,-0.125824621803096,0.0
6.52,2.980628966825771e-10,0.23581189411084175,0.0,0.008839452285383935,-0.00042197573368158185,0.019934882728360588,2.3920033927966395e-07,0.0,0.47049641471622444,1.6139054475694083e-05,0.0,-0.1277183542288645,0.0
6.53,4.962143014571973e-10,0.2368912356116622,0.0,0.009767824489784253,-0.0010189622817055922,0.020337470076585887,1.621667771107037e-07,0.0,0.4724492682951277,1.2393108742592401e-05,0.0,-0.129580256563184,0.0
6.54,6.924288033628086e-10,0.23794036514762673,0.0,0.010761697805602884,-0.0013504111865932328,0.02047676950919756,8.659497208535644e-08,0.0,0.474227923399518,6.265639851613895e-06,0.0,-0.1314098647809586,0.0
6.55,8.644040845097361e-10,0.2389493245557924,0.0,0.01176657019514224,-0.0014591190885045147,0.02040237505328166,1.8778061855320103e-08,0.0,0.4758558268423855,-2.2027771966663394e-06,0.0,-0.1332067229054633,0.0
6.56,9.865465691648572e-10,0.23990650407704636,0.0,0.01271401024306949,-0.0013940005628115366,0.020175824505044106,-3.6932121717676866e-08,0.0,0.4773622335284842,-1.2701251757824112e-05,0.0,-0.1349703831219831,0.0
6.57,1.0319298799575274e-09,0.24079934352737825,0.0,0.013524679019809362,-0.0012055726860021865,0.01986544101832295,-7.80831989235589e-08,0.0,0.47878067962909837,-2.461076209381817e-05,0.0,-0.1367004058894171,0.0
6.58,9.749265743756478e-10,0.24161530008831508,0.0,0.014114929788805899,-0.0009420321189549741,0.01954039241432106,-1.0392865941212662e-07,0.0,0.48014618191311287,-3.699046032180007e-05,0.0,-0.1383963600498224,0.0
6.59,7.944015937644837e-10,0.24234300591630847,0.0,0.014406344961126338,-0.0006461776817271843,0.019264463463362056,-1.1513383566865014e-07,0.0,0.4814914298897349,-4.8596100955979586e-05,0.0,-0.1400578229358672,0.0
6.6,4.772635724838318e-10,0.24297344891314596,0.0,0.014336517555777892,-0.0003533026578522363,0.01909026809445848,-1.134303858513961e-07,0.0,0.4828426088556345,-5.793717760523321e-05,0.0,-0.1416843804761683,0.0
6.61,2.207574741742749e-11,0.2435009646267517,0.0,0.013868815108484771,-9.006666243675852e-05,0.01905470750437222,-1.0126182152882137e-07,0.0,0.48421568770798257,-6.337682104374251e-05,0.0,-0.1432756272984862,0.0
6.62,-5.576584111099093e-10,0.2439238521429282,0.0,0.012999050028308222,0.00012573503713232548,0.019176324757893562,-8.145352357556708e-08,0.0,0.48561392698484257,-6.327484944871389e-05,0.0,-0.1448311668307528,0.0
6.63,-1.2309868516598141e-09,0.24424450327981856,0.0,0.011757728824834477,0.0002846523461960129,0.019454885708695295,-5.693029897276625e-08,0.0,0.4870270811793457,-5.6169669932673325e-05,0.0,-0.1463506113999054,0.0
6.64,-1.9482648334658846e-09,0.24446902586681107,0.0,0.01020748212765293,0.00038449740115401374,0.01987315825407787,-3.0494078117984146e-08,0.0,0.4884324245213791,-4.0989252389979654e-05,0.0,-0.1478335823285025,0.0
6.65,-2.641652281040745e-09,0.2446064363765918,0.0,0.008436259522655951,0.00042889757449370843,0.020400509121042125,-4.664856952502123e-09,0.0,0.4897973680165485,-1.7275526537626162e-05,0.0,-0.1492797100290989,0.0
6.66,-3.2277645024472012e-09,0.24466758238576075,0.0,0.006547775866672474,0.00042567688623593224,0.020997631032413974,1.841978705294426e-08,0.0,0.4910831054871302,1.4599166520839585e-05,0.0,-0.1506886340963539,0.0
6.67,-3.6127596007862572e-09,0.24466399432505817,0.0,0.004651130967543188,0.00038523519287116505,0.02162157841220268,3.705684316101773e-08,0.0,0.49224856888113044,5.3249835844184615e-05,0.0,-0.1520600033968522,0.0
6.68,-3.6999513964607744e-09,0.2446068403034878,0.0,0.0028512960060409864,0.0003190610069387266,0.02223038794928703,4.999505669174098e-08,0.0,0.49325405937232136,9.616040459336562e-05,0.0,-0.1533934761566139,0.0
6.69,-3.3997801314949937e-09,0.24450609422628705,0.0,0.0012415406488178408,0.00023847504889943993,0.022786797027546796,5.6431271067937754e-08,0.0,0.4940641505905133,0.0001396596277413759,0.0,-0.1546887200462714,0.0
6.7,-2.641666487615331e-09,0.24436996257895544,0.0,-0.00010176000363791549,0.0001536622095687861,0.023260820223175684,5.599860073929225e-08,0.0,0.4946496960499067,0.00017901979038382262,0.0,-0.155945412263893,0.0
6.71,-1.3869381062538384e-09,0.24420456572995827,0.0,-0.0011219803928078772,7.301316058414219e-05,0.023631142653847963,4.8755917175358405e-08,0.0,0.4949889522483671,0.0002087008264476263,0.0,-0.1571632396154319,0.0
6.72,3.583187503610932e-10,0.24401383745603364,0.0,-0.0017831108589014192,2.7660071388378186e-06,0.023885430149332643,3.518370432357931e-08,0.0,0.49506794463176657,0.00022275272869701646,0.0,-0.1583418985927809,0.0
6.73,2.5319292053864286e-09,0.2437995899980806,0.0,-0.0020691369737575794,-5.30853038778616e-05,0.024019744013961782,1.6186299210755187e-08,0.0,0.4948802618928382,0.00021537541213224187,0.0,-0.1594810954494123,0.0
6.74,5.007487400247044e-09,0.24356168889191945,0.0,-0.0019824551075711154,-9.266502699685334e-05,0.024037289478025567,-6.904469299113726e-09,0.0,0.4944264739581928,0.00018161804019612262,0.0,-0.1605805462735868,0.0
6.75,7.591160701156726e-09,0.2432982890556476,0.0,-0.0015417693934510284,-0.00011592969164427825,0.02394673082029715,-3.2333547764521054e-08,0.0,0.4937133417102874,0.00011818024357014194,0.0,-0.1616399770591093,0.0
6.76,1.0025122086135647e-08,0.24300609771872037,0.0,-0.0007797718175621624,-0.00012428144538435232,0.023760282921610275,-5.794716865117038e-08,0.0,0.49275293461232655,2.4257218815130805e-05,0.0,-0.1626591237736173,0.0
6.77,1.1999007550454508e-08,0.24268064711345969,0.0,0.00025926543505717345,-0.00012013610525228108,0.02349174953174646,-8.125118315730594e-08,0.0,0.4915617092678619,-9.764852871440286e-05,0.0,-0.1636377324243837,0.0
6.78,1.3170279145426287e-08,0.2423165767772507,0.0,0.0015220218678036318,-0.0001064935606901608,0.023154633489430962,-9.951587343237867e-08,0.0,0.4901595408825362,-0.00024104153091077888,0.0,-0.1645755591216162,0.0
6.79,1.3193621813733494e-08,0.241907938358377,0.0,0.002948945447653689,-8.654789225846874e-05,0.022760403527985633,-1.0993661729733276e-07,0.0,0.4885686533350948,-0.0003949755403373342,0.0,-0.1654723701392408,0.0
6.8,1.1758533673638114e-08,0.24144854181756026,0.0,0.004477566230566314,-6.336321546523194e-05,0.022316975083801923,-1.098541468011174e-07,0.0,0.486812373715491,-0.0005439250721388622,0.0,-0.1663279419731507,0.0
6.81,8.633134400045876e-09,0.24093235813956532,0.0,0.006046470069732824,-3.963003500402422e-05,0.02182745644787447,-9.703041828000417e-08,0.0,0.4849136537973419,-0.0006680759150152584,0.0,-0.1671420613969077,0.0
6.82,3.7109961964020387e-09,0.24035397790460353,0.0,0.0075999248050397684,-1.75067421056639e-05,0.0212892332144809,-6.996681227303015e-08,0.0,0.48289336213702583,-0.0007440988885561955,0.0,-0.1679145255148839,0.0
6.83,-2.943390836418046e-09,0.23970909568595186,0.0,0.00909284202250247,1.4575442415539152e-06,0.020693518828584685,-2.824128509418843e-08,0.0,0.48076846238148563,-0.0007464317480478007,0.0,-0.1686451418128267,0.0
6.84,-1.1055932575970211e-08,0.23899494885926126,0.0,0.010495326581845314,1.6328939708575338e-05,0.02002558292268047,2.7168779392385127e-08,0.0,0.4785503498059878,-0.0006490416407365805,0.0,-0.1693337282058372,0.0
6.85,-2.0117137149350803e-08,0.2382106014988022,0.0,0.011795672973373068,2.6737866257676995e-05,0.019265932356601862,9.361970315071299e-08,0.0,0.4762437609921644,-0.0004275777508427346,0.0,-0.1699801130837506,0.0
6.86,-2.9375535236447062e-08,0.23735696415656624,0.0,0.013000668029876329,3.2787610573675274e-05,0.018392649620322433,1.666379773577881e-07,0.0,0.4738466710926741,-6.175582192929885e-05,0.0,-0.1705841353539039,0.0
6.87,-3.7856198653491036e-08,0.2364365001782203,0.0,0.014132676913925989,3.4938992845622526e-05,0.01738482287036046,2.399089390607727e-07,0.0,0.47135136782747955,0.0004622493816480869,0.0,-0.1711456444812843,0.0
6.88,-4.4409033513977705e-08,0.23545265501837903,0.0,0.015223875215420214,3.388654863658347e-05,0.016226656436463073,3.054627393888823e-07,0.0,0.46874656826669064,0.0011496809868567605,0.0,-0.1716645005260453,0.0
6.89,-4.778947316231936e-08,0.2344090989947595,0.0,0.016308548738016834,3.0439344354397818e-05,0.014911639327496973,3.540925936722999e-07,0.0,0.46602024081974736,0.0019956525661519557,0.0,-0.172140574178383,0.0
6.9,-4.6771303367111474e-08,0.23330889364429394,0.0,0.01741458861895913,2.5416609213421116e-05,0.013446094063921832,3.7602344637961265e-07,0.0,0.46316271994210184,0.002984473149252242,0.0,-0.1725737467907624,0.0
6.91,-4.0287713334471666e-08,0.23215372005859225,0.0,0.01855560271940297,1.956514490984485e-05,0.0118513979779499,3.618256902910297e-07,0.0,0.4601695943977707,0.004090078458445201,0.0,-0.1729639104074873,0.0
6.92,-2.759248477415008e-08,0.2309433426756504,0.0,0.019725428214522223,1.3502281162335837e-05,0.010164184480475217,3.035393481465073e-07,0.0,0.4570437174607158,0.005277669913423301,0.0,-0.1733109677916047,0.0
6.93,-8.428826223189742e-09,0.22967546703860436,0.0,0.02089667864879104,7.685221731305534e-06,0.008434092857639424,1.9594092032540348e-07,0.0,0.4537957430250576,0.0065064551974176365,0.0,-0.1736148324491385,0.0
6.94,1.6810839875373153e-08,0.22834605359705673,0.0,0.022023968012464163,2.40513763674086e-06,0.0067192102096126525,3.785058778384293e-08,0.0,0.4504429531539402,0.007733139338292701,0.0,-0.1738754286506456,0.0
6.95,4.6954302924202825e-08,0.2269500075304035,0.0,0.023050993148593428,-2.197591801645188e-06,0.005080005701442325,-1.6665485608025043e-07,0.0,0.4470066757223494,0.008915643441946753,0.0,-0.1740926914500892,0.0
6.96,7.997053433050826e-08,0.22548204583931578,0.0,0.023919434386335224,-6.101977041386929e-06,0.0035729469430449386,-4.0728389691865803e-07,0.0,0.44350903642014206,0.010016542496276924,0.0,-0.174266566701025,0.0
6.97,1.129648014889157e-07,0.22393750087743514,0.0,0.024577201176207833,-9.364670363222512e-06,0.0022449429627365222,-6.670025099889973e-07,0.0,0.4399699474555319,0.011005900694888146,0.0,-0.1743970110700952,0.0
6.98,1.4226835581751669e-07,0.22231286902490313,0.0,0.02498405845436977,-1.2073994758835498e-05,0.001129391862395221,-9.221115507718075e-07,0.0,0.4364050497606219,0.011863377547199384,0.0,-0.1744839920478283,0.0
6.99,1.6363810598744174e-07,0.2206060367324559,0.0,0.02511393935288608,-1.4305717618888203e-05,0.0002441615303111695,-1.1430838820429413e-06,0.0,0.43282486241817847,0.012579502565660162,0.0,-0.174527487956741,0.0
7.0,1.7257361125974396e-07,0.21881626489249337,0.0,0.024954778754054236,-1.6085982416864235e-05,-0.00040853938073916906,-1.2962728178556322e-06,0.0,0.4292348354764147,0.013155876120974878,0.0,-0.174527487956741,0.0
7.01,1.6474767304314354e-07,0.21694410450983242,0.0,0.024507647539926264,-1.7365918751925542e-05,-0.0008406915479201571,-1.346536529443387e-06,0.0,0.4256356575809114,0.013603988234911553,0.0,-0.1744839920478283,0.0
7.02,1.3653319340126217e-07,0.21499138562119124,0.0,0.02378664703042318,-1.8011277317683185e-05,-0.0010758247415517993,-1.2607331885383212e-06,0.0,0.42202328673560674,0.013942596847064814,0.0,-0.1743970110700952,0.0
7.03,8.559363343147624e-08,0.21296128691457855,0.0,0.02281963842158488,-1.7809034615541775e-05,-0.0011456836469373654,-1.0119326640664524e-06,0.0,0.41838867755556547,0.014194126067073588,0.0,-0.174266566701025,0.0
7.04,1.1488581631909445e-08,0.21085835747923887,0.0,0.021648481879248352,-1.6491335340996327e-05,-0.0010866566420231598,-5.840695294778863e-07,0.0,0.4147176890432005,0.014380999865471165,0.0,-0.1740926914500892,0.0
7.05,-8.376874149668757e-08,0.20868832579805133,0.0,0.020327085665951358,-1.3775447081120009e-05,-0.0009363588636445214,2.3360814870482638e-08,0.0,0.41099179338081354,0.01452288489227279,0.0,-0.1738754286506456,0.0
7.06,-1.9527682568448686e-07,0.2064576137107778,0.0,0.018916415213984124,-9.41666394065525e-06,-0.0007306684086242748,7.910727984764746e-07,0.0,0.40718989627866237,0.014635429379048302,0.0,-0.1736148324491385,0.0
7.07,-3.150152643164041e-07,0.20417261031388487,0.0,0.017477023904125605,-3.269403850947311e-06,-0.0005014113864655032,1.6768230333636975e-06,0.0,0.4032910643134993,0.014730495530363279,0.0,-0.1733109677916047,0.0
7.08,-4.3189853223364114e-07,0.20183887430596537,0.0,0.01606083590574649,4.649787281150855e-06,-0.00027479069296240845,2.6139410323281967e-06,0.0,0.3992775282565887,0.014817379227812552,0.0,-0.1729639104074873,0.0
7.09,-5.321844581796406e-07,0.19946047860899882,0.0,0.014704378687911085,1.4104845170770645e-05,-7.056421357649434e-05,3.5121772072983526e-06,0.0,0.39513716072154964,0.01490426104593245,0.0,-0.1725737467907624,0.0
7.1,-6.002871854647547e-07,0.1970396743109003,0.0,0.013425285795250111,2.4596710536794332e-05,9.809330949006277e-05,4.26139581324287e-06,0.0,0.39086476371688667,0.014999193535751788,0.0,-0.172140574178383,0.0
7.11,-6.200128669689914e-07,0.19457694707661313,0.0,0.012222823323683742,3.534222637238308e-05,0.0002241613708083364,4.7384661824397846e-06,0.0,0.3864618906630104,0.015110252032048374,0.0,-0.1716645005260453,0.0
7.12,-5.761943059794745e-07,0.19207141565019864,0.0,0.011081924691313456,4.5283251981386596e-05,0.0003059242611807356,4.8174452775938875e-06,0.0,0.3819353899544528,0.015244890335065205,0.0,-0.1711456444812843,0.0
7.13,-4.5665008626229767e-07,0.18952143845320343,0.0,0.009979360232101478,5.31323122496861e-05,0.00034585812657669606,4.382804118050803e-06,0.0,0.3772951697995731,0.015408832348342847,0.0,-0.1705841353539039,0.0
7.14,-2.543377426277933e-07,0.18692528086011972,0.0,0.00889053229292062,5.74585915851387e-05,0.00034940573325994295,3.3450463025944356e-06,0.0,0.3725517332601428,0.015604883487270288,0.0,-0.1699801130837506,0.0
7.15,3.048600467099855e-08,0.18428172628554618,0.0,0.007795702818624046,5.6814589086751e-05,0.0003237717538716709,1.6576264265871645e-06,0.0,0.3677139167349069,0.015831952733324415,0.0,-0.1693337282058373,0.0
7.16,3.88335859841384e-07,0.1815905405248257,0.0,0.006684732290882027,4.9899378087539864e-05,0.0002768445031118074,-6.663611160334613e-07,0.0,0.36278716581907006,0.016084507997994393,0.0,-0.1686451418128267,0.0
7.17,7.990754929894718e-07,0.17885271689205898,0.0,0.005559595497578479,3.574938434699828e-05,0.00021631861051428603,-3.5396372605685323e-06,0.0,0.35777261445268693,0.016352652305818265,0.0,-0.1679145255148839,0.0
7.18,1.231295867211044e-06,0.17607047273694007,0.0,0.004434381937209589,1.3942270309331047e-05,0.0001490606271508006,-6.790527147822015e-06,0.0,0.3526670721462839,0.016622880450286114,0.0,-0.1671420613969077,0.0
7.19,1.6427781115333153e-06,0.17324703534307553,0.0,0.0033331806913920376,-1.5205624006214159e-05,8.072890452700045e-05,-1.0159378872218242e-05,0.0,0.34746377209270346,0.016879355752024833,0.0,-0.1663279419731507,0.0
7.2,1.9822803914020774e-06,0.17038630322861062,0.0,0.002286740217123512,-5.0472178665035803e-05,1.563242669986658e-05,-1.3303788152538291e-05,0.0,0.342153554810703,0.017105395041005545,0.0,-0.1654723701392409,0.0
7.21,2.1928054453511034e-06,0.16749247130968065,0.0,0.0013288131843069598,-8.961950101120102e-05,-4.320792621332477e-05,-1.581441114523103e-05,0.0,0.3367261559746728,0.017284862525542316,0.0,-0.1645755591216162,0.0
7.22,2.2163830672845787e-06,0.16456968132486535,0.0,0.0004928110120966231,-0.00012936851669275432,-9.384715743160306e-05,-1.7242450336466413e-05,0.0,0.33117137269154423,0.017403289301279,0.0,-0.1636377324243837,0.0
7.23,2.0002427800282436e-06,0.16162172832491334,0.0,-0.00019092997347031459,-0.00016548349510104877,-0.00013511291413982588,-1.7138893744793526e-05,0.0,0.32548000181609166,0.017448658349231157,0.0,-0.1626591237736173,0.0
7.24,1.504064091465058e-06,0.15865183142129038,0.0,-0.0006972096253468809,-0.00019298638854764366,-0.0001662733463520631,-1.5104304643506898e-05,0.0,0.3196445333045733,0.01741188252056026,0.0,-0.1616399770591093,0.0
7.25,7.077881719794629e-07,0.15566246343616622,0.0,-0.0010074381286340574,-0.00020651175368447783,-0.00018673460293106969,-1.0846465483043674e-05,0.0,0.3136596365850783,0.01728705180630638,0.0,-0.1605805462735868,0.0
7.26,-3.80726073528433e-07,0.15265522834110198,0.0,-0.0011106742488180682,-0.00020080030440433716,-0.00019581792305408208,-4.241585038261339e-06,0.0,0.3075225026813089,0.017071541640814387,0.0,-0.1594810954494124,0.0
7.27,-1.7190937244362913e-06,0.14963077586118112,0.0,-0.0010043770889311694,-0.0001713132561374044,-0.00019265360275642738,4.606768022245763e-06,0.0,0.30123310460986896,0.016766062761997585,0.0,-0.1583418985927809,0.0
7.28,-3.225858648752703e-06,0.1465887475719927,0.0,-0.0006949696745253448,-0.00011493146925765314,-0.00017621334701200652,1.5318154180283688e-05,0.0,0.2947944195100696,0.016374702825613315,0.0,-0.157163239615432,0.0
7.29,-4.779070114508264e-06,0.1435277562840379,0.0,-0.0001982312203132248,-3.0684385992497045e-05,-0.00014548474703974878,2.7203193991912947e-05,0.0,0.28821262487194904,0.015904968714377743,0.0,-0.155945412263893,0.0
7.3,-6.218977468904842e-06,0.14044540847218054,0.0,0.00046055676242754307,7.956424518256662e-05,-9.97730178288966e-05,3.925717313527032e-05,0.0,0.28149724535190374,0.015367794734369375,0.0,-0.1546887200462715,0.0
7.31,-7.35564931092745e-06,0.1373383859644331,0.0,0.0012468669428355869,0.00021056158582214216,-3.909694467615088e-05,5.018690951898355e-05,0.0,0.274661193417595,0.014777444021786325,0.0,-0.1533934761566139,0.0
7.32,-7.981993252094627e-06,0.13420260617022317,0.0,0.0021177934786121965,0.0003533385260572993,3.5370440632990776e-05,5.847681027313375e-05,0.0,0.2677206237199586,0.014151206455725323,0.0,-0.1520600033968522,0.0
7.33,-7.892180471293908e-06,0.1310334781373285,0.0,0.003023742417730251,0.0004952073691370097,0.00012087919065406642,6.249728225514292e-05,0.0,0.2606945144731322,0.013508793400507337,0.0,-0.1506886340963539,0.0
7.34,-6.904880166978367e-06,0.12782626332816394,0.0,0.003911098151663339,0.0006201716154750325,0.00021276915820452315,6.0654802083581355e-05,0.0,0.25360390527767235,0.012871353812035937,0.0,-0.1492797100290989,0.0
7.35,-4.8900149725845005e-06,0.12457653425129657,0.0,0.004725884144237205,0.0007098126781620071,0.00030430010024973323,5.1578135597860997e-05,0.0,0.24647076469267573,0.01226009236248258,0.0,-0.1478335823285026,0.0
7.36,-1.7970108578845809e-06,0.12128070049513692,0.0,0.005418218060541723,0.0007446827562910078,0.0003867145391172563,3.432969965379943e-05,0.0,0.23931653599194314,0.01169456131288706,0.0,-0.1463506113999055,0.0
7.37,2.3181960207129134e-06,0.11793654158743949,0.0,0.005947069874278695,0.0007061846923639355,0.0004495899267130398,8.625309130367644e-06,0.0,0.23216051302620586,0.011190819636409699,0.0,-0.1448311668307528,0.0
7.38,7.270731897696017e-06,0.11454365758766266,0.0,0.006284547024175631,0.0005788603858436176,0.0004815151987427894,-2.4959880143708308e-05,0.0,0.22501830126295347,0.01075977203139899,0.0,-0.1432756272984862,0.0
7.39,1.2732664237695364e-05,0.11110373888393728,0.0,0.006418830434506709,0.0003529428937554164,0.0004710969423263184,-6.482584699917666e-05,0.0,0.21790065774899653,0.010406043742727326,0.0,-0.1416843804761683,0.0
7.4,1.823099706724623e-05,0.10762057901232716,0.0,0.006355097433325507,2.695917230002657e-05,0.00040826321269415343,-0.00010825186894548186,0.0,0.21081293159167042,0.010127661516146637,0.0,-0.1400578229358673,0.0
7.41,2.316127849367207e-05,0.10409979933489305,0.0,0.00611419559523867,-0.00038989238925478083,0.000285790591604398,-0.00015139975847060816,0.0,0.20375517930163123,0.009916635825749283,0.0,-0.1383963600498226,0.0
7.42,2.6819532794636387e-05,0.1005483034303211,0.0,0.005729281065125041,-0.000875914493114037,0.00010093550651104613,-0.00018944243038188967,0.0,0.19672287804508157,0.00976035330590693,0.0,-0.1367004058894171,0.0
7.43,2.8453939852403985e-05,0.09697352527320156,0.0,0.005241036749442737,-0.0013959844047475676,-0.00014299172415390305,-0.00021683716787090343,0.0,0.18970802941661088,0.009643518790463936,0.0,-0.134970383121983,0.0
7.44,2.7335897746880777e-05,0.09338257422085,0.0,0.004692396666813562,-0.0019018732513337772,-0.0004353071666932281,-0.0002277520455976905,0.0,0.1827003517086865,0.009550253941195685,0.0,-0.1332067229054634,0.0
7.45,2.2847886948510886e-05,0.08978139683939654,0.0,0.004123776625893193,-0.0023341099902748114,-0.0007571077929670998,-0.00021663916340708452,0.0,0.17568825192509924,0.009465929265799759,0.0,-0.1314098647809587,0.0
7.46,1.4583039848032188e-05,0.08617406270615409,0.0,0.0035695741173792745,-0.002625597130315424,-0.001081124691740597,-0.00017893022868506112,0.0,0.16865937519186602,0.00937841143700645,0.0,-0.1295802565631841,0.0
7.47,2.4487095201152284e-06,0.08256224888064818,0.0,0.0030562703820929214,-0.0027070456208560965,-0.0013724803224598793,-0.00011180970214527263,0.0,0.16160070301485993,0.009278598004926926,0.0,-0.1277183542288646,0.0
7.48,-1.3236106012292932e-05,0.0789449608471858,0.0,0.0026020146352202407,-0.0025141112636783264,-0.0015905083563682205,-1.499982836971931e-05,0.0,0.15449834829491801,0.009160313957244821,0.0,-0.1258246218030961,0.0
7.49,-3.166157302071529e-05,0.07531849715284498,0.0,0.0022172198192806185,-0.0019958927172959713,-0.0016917179543137761,0.0001085274603026046,0.0,0.14733732550693301,0.009019802489301254,0.0,-0.1238995312437006,0.0
7.5,-5.147925547192535e-05,0.0716766512169442,0.0,0.001905573716237329,-0.0011242060851953265,-0.001633878253226575,0.00025201203172670376,0.0,0.14010161155026254,0.008855096799782343,0.0,-0.1219435623236047,0.0
7.51,-7.079887000357866e-05,0.06801115207374424,0.0,0.0016650340522907617,9.719605306536087e-05,-0.001381067229173131,0.00040464914649696303,0.0,0.1327747306864653,0.008665478410373519,0.0,-0.1199572025112691,0.0
7.52,-8.724106040764454e-05,0.06431236339348909,0.0,0.0014887060752208155,0.001624516069173779,-0.0009093796524613467,0.0005517228221729524,0.0,0.1253409407623793,0.008451069720773405,0.0,-0.1179409468492028,0.0
7.53,-9.80543589011791e-05,0.06057026317921862,0.0,0.0013657494454077275,0.0033681357844131316,-0.0002128332287335798,0.0006752237621515771,0.0,0.11778695840993438,0.008212491873837182,0.0,-0.1158952978305869,0.0
7.54,-0.00010029935132461196,0.056775703448094156,0.0,0.0012825012426391665,0.005190476674861284,0.0006911343103319899,0.0007550203116627747,0.0,0.11010408667348041,0.007950503529378617,0.0,-0.113820765274043,0.0
7.55,-9.109619144835083e-05,0.05292190736320224,0.0,0.0012238953525924962,0.0069087592716289515,0.001757302901397933,0.0007706105669061696,0.0,0.10229058062696293,0.0076655910236519045,0.0,-0.1117178661965763,0.0
7.56,-6.792334270636432e-05,0.049006113165839305,0.0,0.0011751108483408594,0.008303740419982055,0.002910238641504901,0.0007034302980187623,0.0,0.09435407199649903,0.007357554185111464,0.0,-0.1095871246847236,0.0
7.57,-2.8946351248817104e-05,0.045031228013578145,0.0,0.0011232442466450466,0.00913515930929708,0.004044590682967962,0.0005396273355086037,0.0,0.08631386124690948,0.007025199251687471,0.0,-0.1074290717639397,0.0
7.58,2.6653567083900526e-05,0.04100731759945426,0.0,0.0010587055451047648,0.009164108883112478,0.005028828758991612,0.00027314296044161256,0.0,0.07820287167118942,0.006666290925904053,0.0,-0.1052442452662557,0.0
7.59,9.838918824460864e-05,0.03695273929766564,0.0,0.0009760442302324318,0.008181882378991435,0.005712947736905214,-9.112907364802064e-05,0.0,0.07006903265242127,0.006277892675827275,0.0,-0.1030331896962388,0.0
7.6,0.00018425857436276153,0.032894735603320846,0.0,0.0008740553588128759,0.006044059978524549,0.005940373418410907,-0.0005343970723257787,0.0,0.06197581420244782,0.0058571160834347685,0.0,-0.1007964560952911,0.0
7.61,0.0002806626839160531,0.02886933862791452,0.0,0.0007552316399391648,0.0027077546224598048,0.005563909671169109,-0.0010215753818407284,0.0,0.054001603929215374,0.005402150682659195,0.0,-0.0985346019043186,0.0
7.62,0.0003824896995095095,0.024920485866371852,0.0,0.0006247846481096792,-0.0017308929387967792,0.004465087817252169,-0.0014997920191452973,0.0,0.04623765378359212,0.0049133413840079096,0.0,-0.0962481908248045,0.0
7.63,0.00048339512748935996,0.021098307314708107,0.0,0.000489492596529888,-0.00700259595517697,0.0025757459620331974,-0.0018981375156984204,0.0,0.0387844520974619,0.004394064512810311,0.0,-0.0939377926783238,0.0
7.64,0.0005762870323072387,0.017456616626718813,0.0,0.00035658264518181616,-0.01263830293784898,-9.987615649275352e-05,-0.0021289345815762757,0.0,0.03174657699903315,0.003851202603032821,0.0,-0.0916039832645316,0.0
7.65,0.0006539968115820511,0.014049726298110644,0.0,0.00023278496735751585,-0.01795437024837044,-0.003464733956214888,-0.0020907062166476546,0.0,0.025226321308725475,0.0032950952711344236,0.0,-0.0892473442176609,0.0
7.66,0.0007100772627737426,0.010928804799783219,0.0,0.00012363293251321618,-0.0220535654873969,-0.00731284885429897,-0.0016728765747865263,0.0,0.019316606345039358,0.002738933835920805,0.0,-0.0868684628615688,0.0
7.67,0.0007396229138413998,0.008138091003760818,0.0,3.303391579968797e-05,-0.02384520240735379,-0.011320220494412832,-0.0007620639586105084,0.0,0.014093885127304463,0.002197668357173617,0.0,-0.0844679320633617,0.0
7.68,0.0007399634540301176,0.005711359192225196,0.0,-3.690178468625986e-05,-0.022086467241656027,-0.015045471785520018,0.0007503628941634657,0.0,0.009611843096748387,0.0016865959952737616,0.0,-0.0820463500856406,0.0
7.69,0.0007110682939085006,0.0036690612702579197,0.0,-8.581146550541935e-05,-0.01544530676401263,-0.01794252033329837,0.002959968089232303,0.0,0.0058967070993685995,0.0012198691780397899,0.0,-0.0796043204374024,0.0
7.7,0.0006555513485154869,0.002016536126857154,0.0,-0.00011486186039111095,-0.002583252244933763,-0.019386800444004246,0.005940801471783676,0.0,0.0029448363910831764,0.0008091681736036666,0.0,-0.0771424517236316,0.0
7.71,0.0005782745955643168,0.0007435546293386828,0.0,-0.00012641957603321666,0.017745500692444845,-0.0187153877607502,0.009737507017722438,0.0,0.0007229772413217552,0.00046272276207652324,0.0,-0.0746613574936239,0.0
7.72,0.000485659298000446,-0.00017472499913814788,0.0,-0.00012366572261211496,0.04658421560918476,-0.015279826174437886,0.014358657029386199,0.0,-0.0008288381485366572,0.00018477703944263818,0.0,-0.0721616560880771,0.0
7.73,0.00038486657453774115,-0.0007755344317033159,0.0,-0.000110203609260648,0.08465966992476634,-0.008508643836417416,0.019771923213501748,0.0,-0.00179216797490433,-2.449134340607578e-05,0.0,-0.0696439704849867,0.0
7.74,0.0002829973509848923,-0.001105326489654377,0.0,-8.969847270547335e-05,0.13227180506192898,0.002025320414102508,0.025901632650551114,0.0,-0.002263520391587397,-0.0001686470231508006,0.0,-0.0671089281443874,0.0
7.75,0.0001864178580537111,-0.0012160791821591217,0.0,-6.55768258999104e-05,0.189195818512278,0.01653933594633516,0.03262921536028215,0.0,-0.0023470287182094578,-0.00025435803793250067,0.0,-0.0645571608519771,0.0
7.76,0.0001002699143259076,-0.0011615041146552166,0.0,-4.080155942721858e-05,0.2546072789355867,0.03498473292728138,0.03979701445839395,0.0,-0.0021472483409531277,-0.0002905542342948154,0.0,-0.0619893045616618,0.0
7.77,2.818635228589857e-05,-0.0009935394908961574,0.0,-1.7728478926582075e-05,0.3270425349970984,0.05700866805012053,0.04721583249428236,0.0,-0.0017627492489016255,-0.00028749852490877516,0.0,-0.0594059992370634,0.0
7.78,-2.7797235136105077e-05,-0.0007594180166570077,0.0,1.9587478372483795e-06,0.4044070369104289,0.08194138403752849,0.05467633492824744,0.0,-0.0012809879775325518,-0.0002558752973746721,0.0,-0.0568078886920274,0.0
7.79,-6.716314996820956e-05,-0.000499493554746345,0.0,1.72448197843597e-05,0.48404187036276664,0.1088145796957046,0.06196394122423651,0.0,-0.0007747337343539119,-0.00020597945719569665,0.0,-0.0541956204301694,0.0
7.8,-9.07049002267512e-05,-0.00024590430022433554,0.0,2.7724076524515255e-05,0.5628530961102395,0.13641278211491817,0.06887608646800893,0.0,-0.00030012493873636607,-0.00014706409505348014,0.0,-0.0515698454835062,0.0
7.81,-0.0001002378529723966,-2.2056485563350514e-05,0.0,3.3502802320139415e-05,0.6375004589543687,0.16335492871260626,0.07523991713931416,0.0,0.00010373588624147949,-8.687853264011763e-05,0.0,-0.048931218250203,0.0
7.82,-9.827073311744419e-05,0.000157161439152849,0.0,3.5078769445883194e-05,0.7046350814365284,0.1881996995808156,0.08092805158182068,0.0,0.00041386768945483974,-3.140445222748368e-05,0.0,-0.0462803963314843,0.0
7.83,-8.767622851202247e-05,0.00028457515802395435,0.0,3.3212950136156316e-05,0.7611720425309716,0.20956669646076145,0.08587028711030596,0.0,0.0006214768635298466,1.5222096161585076e-05,0.0,-0.0436180403677458,0.0
7.84,-7.139116025429887e-05,0.0003595000042425114,0.0,2.880597741814069e-05,0.8045795043102302,0.22626412408286883,0.09005964981239387,0.0,0.0007293405330077744,5.0629730257834535e-05,0.0,-0.0409448138739091,0.0
7.85,-5.216766716617195e-05,0.00038627073911317585,0.0,2.278895473803537e-05,0.8331558020682956,0.23740894751977268,0.09355130978069491,0.0,0.0007488425296109514,7.400794997731427e-05,0.0,-0.0382613830740598,0.0
7.86,-3.238776283096093e-05,0.0003726897702090522,0.0,1.6035001622049617e-05,0.8462522594594168,0.24251893569353977,0.096452910975974,0.0,0.000696965424405238,8.582068135343029e-05,0.0,-0.0355684167354106,0.0
7.87,-1.3945318739243183e-05,0.0003285342651515063,0.0,9.294811905779876e-06,0.8443928631661527,0.24155337386847767,0.09890588917531133,0.0,0.0005934887681186974,8.747683589613337e-05,0.0,-0.0328665860016306,0.0
7.88,1.8073988078988954e-06,0.0002642309219522681,0.0,3.1567460732653364e-06,0.8292512069228728,0.23488544865679475,0.10105978997552534,0.0,0.0004585784961409405,8.099360993980628e-05,0.0,-0.030156564225581,0.0
7.89,1.4056724440547739e-05,0.00018977201244886523,0.0,-1.9702518247469824e-06,0.8034723918919301,0.22320539163704137,0.10304438184567913,0.0,0.0003108836666333986,6.868188242613255e-05,0.0,-0.0274390268015036,0.0
7.9,2.247960724241481e-05,0.00011391160648907115,0.0,-5.854243154503886e-06,0.7703656942629697,0.20737504135626283,0.10494577190386685,0.0,0.00016619125695000947,5.2875375695134275e-05,0.0,-0.0247146509966968,0.0
7.91,2.716379341213039e-05,4.3649635935316e-05,0.0,-8.42271669158783e-06,0.7335257470664931,0.18827140828754546,0.106791947686317,0.0,3.6632818170968154e-05,3.57171894135555e-05,0.0,-0.0219841157827265,0.0
7.92,2.850948290654954e-05,-1.6014254617115955e-05,0.0,-9.734586616500178e-06,0.6964501950868841,0.16665987154181755,0.10855085871835338,0.0,-6.960830043964215e-05,1.900969651634128e-05,0.0,-0.0192481016662133,0.0
7.93,2.7124712293225843e-05,-6.209415499619736e-05,0.0,-9.946429787252944e-06,0.6622102511658717,0.14312670698456495,0.11014153429971353,0.0,-0.00014817213031136258,4.127188402136271e-06,0.0,-0.0165072905192344,0.0
7.94,2.3724804301221783e-05,-9.344776008503387e-05,0.0,-9.277160480051947e-06,0.6332093509110106,0.1180828016871997,0.11145641934249385,0.0,-0.00019808087381609956,-8.014554144073835e-06,0.0,-0.0137623654093879,0.0
7.95,1.9043801292719772e-05,-0.00011047721361583026,0.0,-7.974610606433671e-06,0.611044622995803,0.0918319022353543,0.11239108678780721,0.0,-0.0002210884481493916,-1.6941238510057464e-05,0.0,-0.0110140104295578,0.0
7.96,1.3763182320494189e-05,-0.00011475515916935033,0.0,-6.2866056865721705e-06,0.5964699384631986,0.06468004998803356,0.11287564645987212,0.0,-0.0002209235470084836,-2.2567155535557757e-05,0.0,-0.0082629105274234,0.0
7.97,8.46061707899614e-06,-0.00010862537216601929,0.0,-4.438206714969529e-06,0.5894481282508548,0.03704909613243482,0.11290061726015135,0.0,-0.00020251676476361512,-2.511864144690896e-05,0.0,-0.0055097513347562,0.0
7.98,3.57923664972483e-06,-9.481928097487634e-05,0.0,-2.6159117243514827e-06,0.5892730424279985,0.0095500811839091,0.11252948068285457,0.0,-0.00017128489914218902,-2.5045654200479563e-05,0.0,-0.0027552189965463,0.0
7.99,-5.839650601868735e-07,-7.611974870060335e-05,0.0,-9.588423082582057e-07,0.5947387886047001,-0.017020367311892718,0.11189212669488746,0.0,-0.0001325254382418546,-2.2931817369283627e-05,0.0,-4.2748237638262e-17,0.0
